Категория;Наименование товара;Стоимость, руб
Арбуз;Арбуз Алый Сахар/Сем Алт/цп 1 гр.;36
Арбуз;Арбуз Астраханский/Сем Алт/цп 1 гр.;30
Арбуз;Арбуз АУ Продюсер ПВП/Сем Алт/цп 1 гр.;32
Арбуз;Арбуз Большой Сахарный/Сем Алт/цп 1 гр.;38
Арбуз;Арбуз Желтый Император/Сем Алт/цп 0,5 гр. АЗИАТСКИЙ ОГОРОД!;65
Арбуз;Арбуз Зелибоба/Сем Алт/цп 0,5 гр.;59
Арбуз;Арбуз Малиновый Сладкий/Сем Алт/цп 1 гр.;32
Арбуз;Арбуз Мелитопольский/Сем Алт/цп 0,5 гр.;26
Арбуз;Арбуз Ница/Сем Алт/цп 0,5 гр.;28
Арбуз;Арбуз Пекинский Нектар/Сем Алт/цп 0,5 гр.  АЗИАТСКИЙ ОГОРОД!;36
Арбуз;Арбуз Пекинский Нектар/Сем Алт/цп 1 гр. КИТАЙСКАЯ СЕРИЯ!;36
Арбуз;Арбуз Ранний Кубани/Сем Алт/цп 1 гр.;32
Арбуз;Арбуз Сахарная Вата/Сем Алт/цп 1 гр.;48
Арбуз;Арбуз Сахарный Малыш (Шуга Бейби)/Сем Алт/цп 1 гр.;38
Арбуз;Арбуз Сибирская Роза/Сем Алт/цп 1 гр.;34
Арбуз;Арбуз Сибирские Огни/Сем Алт/цп 1 гр. Сибирская Селекция!;38
Арбуз;Арбуз Сибирский Мед/Сем Алт/цп 1 гр.;38
Арбуз;Арбуз Ультраранний/Сем Алт/цп 1 гр.;42
Арбуз;Арбуз Фотон/Сем Алт/цп 1 гр.;30
Арбуз;Арбуз Холодок/Сем Алт/цп 1 гр.;38
Арбуз;Арбуз Чарльстон Грей/Сем Алт/цп 0,5 гр.;39
Арбуз;Арбуз Чарльстон Грей/Сем Алт/цп 1 гр.;45
Баклажан;Баклажан Алексеевский/Сем Алт/цп 0,1 гр.;58
Баклажан;Баклажан Аленка (Зеленый)/Сем Алт/цп 10 шт.;64
Баклажан;Баклажан Алмаз/Сем Алт/цп 0,2 гр.;35
Баклажан;Баклажан Брюнет/Сем Алт/цп 0,2 гр.;36
Баклажан;Баклажан Бычье Сердце/Сем Алт/цп 0,2 гр.;38
Баклажан;Баклажан Бычье Сердце/Сем Алт/цп 0,3 гр.;36
Баклажан;Баклажан Вера/Сем Алт/цп 0,3 гр. Сибирская Селекция!;34
Баклажан;Баклажан Икра Заморская/Сем Алт/цп 0,2 гр.;35
Баклажан;Баклажан Лебединый/Сем Алт/цп 0,1 гр.;44
Баклажан;Баклажан Лебединый/Сем Алт/цп 0,2 гр.;45
Баклажан;Баклажан Матроскин/Сем Алт/цп 0,2 гр.;36
Баклажан;Баклажан Северный Блюз F1/Сем Алт/цп 10 шт.;55
Баклажан;Баклажан Улыбка Негра/Сем Алт/цп 0,1 гр.;58
Баклажан;Баклажан Улыбка Негра/Сем Алт/цп 0,2 гр.;69
Баклажан;Баклажан Универсал-6/Сем Алт/цп 0,3 гр.;30
Баклажан;Баклажан Фрегат/Сем Алт/цп 0,2 гр.;35
Баклажан;Баклажан Фрегат/Сем Алт/цп 0,3 гр.;32
Баклажан;Баклажан Черный Красавец/Сем Алт/цп 0,3 гр.;32
Баклажан;Баклажан Черный Опал/Сем Алт/цп 0,2 гр.;38
Баклажан;Баклажан Чисанчи/Сем Алт/цп 0,2 гр. АЗИАТСКИЙ ОГОРОД!;38
Баклажан;Баклажан Шаровидный/Сем Алт/цп 0,2 гр.;34
Баклажан;Баклажан Шаровидный/Сем Алт/цп 0,3 гр.;34
Баклажан;Баклажан Эпик F1/Сем Алт/цп 10 шт. Seminis (Голландские Семена);95
Баклажан;Баклажан Эфиоп/Сем Алт/цп 0,2 гр.;37
Брюква;Брюква Баварская/Сем Алт/цп 1 гр.;32
Горох, бобы;Бобы Белорусские/Сем Алт/цп 5 гр.;37
Горох, бобы;Бобы Русские Черные/Сем Алт/цп 5 гр.;38
Горох, бобы;Горох Адагумский/Сем Алт/цп 10 гр.;30
Горох, бобы;Горох Алтайский Изумруд/Сем Алт/цп 10 гр. Сибирская Селекция!;37
Горох, бобы;Горох Альфа/Сем Алт/цп 10 гр.;30
Горох, бобы;Горох Амброзия/Сем Алт/цп 10 гр.;37
Горох, бобы;Горох Безлисточковый/Сем Алт/цп 10 гр.;35
Горох, бобы;Горох Беркут/Сем Алт/цп 10 гр.;28
Горох, бобы;Горох Воронежский зеленый/Сем Алт/цп 10 гр.;30
Горох, бобы;Горох Глориоза/Сем Алт/цп 10 гр.;35
Горох, бобы;Горох Жегалова 112 Сахарный/Сем Алт/цп 10 гр.;32
Горох, бобы;Горох Кельведонское Чудо/Сем Алт/цп 10 гр.;30
Горох, бобы;Горох Комнатный/Сем Алт/цп 10 гр. УРОЖАЙ НА ОКНЕ!;55
Горох, бобы;Горох Метеор/Сем Алт/цп 10 гр.;38
Горох, бобы;Горох Норд-Вест/Сем Алт/цп 10 гр.;30
Горох, бобы;Горох Орегон Шуга (Сахарный)/Сем Алт/цп 10 гр.;38
Горох, бобы;Горох Первенец Сахарный/Сем Алт/цп 10 гр.;30
Горох, бобы;Горох Сахарная Вкусняшка/Сем Алт/цп 10 гр.;38
Горох, бобы;Горох Сахарная Конфета/Сем Алт/цп 10 гр.;38
Горох, бобы;Горох Сахарный Стручок/Сем Алт/цп 10 гр.;38
Горох, бобы;Горох Сибирский Гигант/Сем Алт/цп 10 гр. СЕРИЯ СИБИРСКИЕ ГИГАНТЫ!;55
Горох, бобы;Горох Сладкая Парочка/Сем Алт/цп 10 гр.;38
Горох, бобы;Горох Сладкий Боб/Сем Алт/цп 10 гр.;39
Горох, бобы;Горох Спринтер/Сем Алт/цп 10 гр.;38
Горох, бобы;Горох Фуга/Сем Алт/цп 10 гр.;36
Горох, бобы;Горох Хавский Жемчуг/Сем Алт/цп 10 гр.;34
Горох, бобы;Горох Шесть недель/Сем Алт/цп 10 гр.;38
Горох, бобы;Чечевица Зеленая/Сем Алт/цп 5 гр.;42
Горох, бобы;Чечевица Коричневая/Сем Алт/цп 5 гр.;44
Дайкон;Дайкон Дубинушка/Сем Алт/цп 1 гр.;34
Дайкон;Дайкон Дядя Степа/Сем Алт/цп 1 гр.;34
Дайкон;Дайкон Зуб Акулы/Сем Алт/цп 1 гр.;36
Дайкон;Дайкон Миноваси/Сем Алт/цп 1 гр.;30
Дайкон;Дайкон Миясиге/Сем Алт/цп 1 гр. АЗИАТСКИЙ ОГОРОД!;30
Дайкон;Дайкон Самурай/Сем Алт/цп 1 гр. АЗИАТСКИЙ ОГОРОД!;35
Дайкон;Дайкон Саша/Сем Алт/цп 1 гр.;30
Дайкон;Дайкон Сибирский Гигант/Сем Алт/цп 1 гр. СЕРИЯ СИБИРСКИЕ ГИГАНТЫ!;40
Дайкон;Дайкон Цезарь/Сем Алт/цп 1 гр.;34
Дыня;Дыня Алтайская/Сем Алт/цп 0,5 гр.;34
Дыня;Дыня Ананас/Сем Алт/цп 1 гр.;46
Дыня;Дыня Восточная Красавица/Сем Алт/цп 0,5 гр.;36
Дыня;Дыня Восточная Красавица/Сем Алт/цп 1 гр.;52
Дыня;Дыня Золотистая/Сем Алт/цп 0,5 гр.;28
Дыня;Дыня Казачка 244/Сем Алт/цп 1 гр.;39
Дыня;Дыня Колхозница 749/753/Сем Алт/цп 1 гр.;36
Дыня;Дыня Крем-Брюле/Сем Алт/цп 1 гр.;39
Дыня;Дыня Медовая/Сем Алт/цп 0,5 гр.;38
Дыня;Дыня Медовый Месяц/Сем Алт/цп 0,5 гр.;38
Дыня;Дыня Сладкая Неженка/Сем Алт/цп 1 гр.;39
Дыня;Дыня Таманская (Ранняя 133)/Сем Алт/цп 1 гр.;32
Дыня;Дыня Шаранте/Сем Алт/цп 0,5 гр.;32
Дыня;Дыня Шаранте/Сем Алт/цп 1 гр.;40
Дыня;Дыня Шарлотта/Сем Алт/цп 0,5 гр. НОВИНКА!;31
Дыня;Дыня Эфиопка/Сем Алт/цп 1 гр.;38
Зелень;Зеленые Витамины для Грызунов/Сем Алт/цп 10 гр.;28
Зелень;Зеленые Витамины для любимых Кошек/Сем Алт/цп 10 гр.;30
Зелень;Зеленые Витамины для Пернатых/Сем Алт/цп 10 гр.;28
Зелень;Зелень Алтей Лекарственный/Сем Алт/цп 0,1 гр. АПТЕКАРСКИЙ ОГОРОД!;30
Зелень;Зелень Анис/Сем Алт/цп 0,5 гр.;39
Зелень;Зелень Артишок Красавец/Сем Алт/цп 0,5 гр.;44
Зелень;Зелень Артишок Римский/Сем Алт/цп 0.5 гр.;58
Зелень;Зелень Базилик Арарат (Фиолетовый)/Сем Алт/цп 0,3 гр.;37
Зелень;Зелень Базилик Ароматная смесь/Сем Алт/цп 0,1 гр. НОВИНКА!;34
Зелень;Зелень Базилик Бархат/Сем Алт/цп 0,3 гр.;32
Зелень;Зелень Базилик Восточная Сказка/Сем Алт/цп 0,3 гр.;38
Зелень;Зелень Базилик Гурман/Сем Алт/цп 0,3 гр.;36
Зелень;Зелень Базилик Зеленый Ароматный/Сем Алт/цп 0,3 гр.;36
Зелень;Зелень Базилик Зеленый Ароматный/Сем Алт/цп 0,3 гр. УРОЖАЙ НА ОКНЕ!;37
Зелень;Зелень Базилик Лимонный Аромат/Сем Алт/цп 0,3 гр.;38
Зелень;Зелень Базилик Мини/Сем Алт/цп 0,2 гр. УРОЖАЙ НА ОКНЕ!;39
Зелень;Зелень Базилик Ред Рубин/Сем Алт/цп 0,3 гр.;37
Зелень;Зелень Базилик Ред Рубин/Сем Алт/цп 0,3 гр. УРОЖАЙ НА ОКНЕ!;37
Зелень;Зелень Базилик Фиолетовый Джигит/Сем Алт/цп 0,3 гр.;38
Зелень;Зелень Базилик Фиолетовый/Сем Алт/цп 0,3 гр.;37
Зелень;Зелень Базилик Шанхай/Сем Алт/цп 0,3 гр. КИТАЙСКАЯ СЕРИЯ;31
Зелень;Зелень Базилик Широколистный/Сем Алт/цп 0,3 гр.;38
Зелень;Зелень Валериана Кардиола лекарственная/Сем Алт/цп 0,1 гр.  АПТЕКАРСКИЙ ОГОРОД!;45
Зелень;Зелень Горчица Красный Гигант/Сем Алт/цп 0,5 гр.;35
Зелень;Зелень Горчица Листовая Волнушка/Сем Алт/цп 0,5 гр.;34
Зелень;Зелень Горчица Листовая/Сем Алт/цп 0,5 гр.;34
Зелень;Зелень Горчица Ядреная/Сем Алт/цп 0,5 гр.;38
Зелень;Зелень Девясил Много Сил/Сем Алт/цп 0,05 гр. АПТЕКАРСКИЙ ОГОРОД!;38
Зелень;Зелень Душица Обыкновенная/Сем Алт/цп 0,05 гр. АПТЕКАРСКИЙ ОГОРОД!;38
Зелень;Зелень Зверобой Оптимист/Сем Алт/цп 0,1 гр. АПТЕКАРСКИЙ ОГОРОД!;38
Зелень;Зелень Змееголовник Горыныч/Сем Алт/цп 0,3 гр. АПТЕКАРСКИЙ ОГОРОД!;38
Зелень;Зелень Иссоп Знахарь лекарственный/Сем Алт/цп 0,2 гр. АПТЕКАРСКИЙ ОГОРОД!;36
Зелень;Зелень Катран (Хрен) Аккорд/Сем Алт/цп 0,3 гр.;32
Зелень;Зелень Катран (Хрен) Хренодер/Сем Алт/цп 0,3 гр. НОВИНКА!;32
Зелень;Зелень Кервель Ажурный/Сем Алт/цп 0,5 гр.;28
Зелень;Зелень Кориандр Бородинский/Сем Алт/цп 2 гр.;34
Зелень;Зелень Кориандр Летний Аромат/Сем Алт/цп 2 гр.;34
Зелень;Зелень Кориандр Янтарь/Сем Алт/цп 2 гр. УРОЖАЙ НА ОКНЕ! !;32
Зелень;Зелень Корн Салат Витаминные Листочки/Сем Алт/цп 0,5 гр.;32
Зелень;Зелень Корн Салат Кладезь Здоровья/Сем Алт/цп 0,5 гр.;32
Зелень;Зелень Кресс-Салат Ажур/Сем Алт/цп 1 гр.;30
Зелень;Зелень Кресс-Салат Забава/Сем Алт/цп 1 гр.;35
Зелень;Зелень Кумин (Зира) Восточная Долина/Сем Алт/цп 1 гр.;34
Зелень;Зелень Лаванда Нежность/Сем Алт/цп 0,1 гр. АПТЕКАРСКИЙ ОГОРОД!;38
Зелень;Зелень Лофант Анисовый/Сем Алт/цп 0,05 гр. АПТЕКАРСКИЙ ОГОРОД!;34
Зелень;Зелень Любисток Удалец/Сем Алт/цп 0,2 гр.;38
Зелень;Зелень Майоран Байкал/Сем Алт/цп 0,2 гр.;34
Зелень;Зелень Махорка Русская/Сем Алт/цп 0,01 гр. НОВИНКА!;30
Зелень;Зелень Мелисса Лимонный Аромат/Сем Алт/цп 0,1 гр. АПТЕКАРСКИЙ ОГОРОД!;30
Зелень;Зелень Мелисса Свежесть лекарственная/Сем Алт/цп 0,1 гр.;38
Зелень;Зелень Мята Перечная Пепперминт/Сем Алт/цп 0,05 гр.АПТЕКАРСКИЙ ОГОРОД!;38
Зелень;Зелень Мята Спирминт/Сем Алт/цп 0,05  гр.;44
Зелень;Зелень Огуречная Трава Гном/Сем Алт/цп 0,5 гр.;35
Зелень;Зелень Орегано Греческий/Сем Алт/цп 0,05 гр.;38
Зелень;Зелень Пажитник сенной Шамбала/Сем Алт/цп 1 гр. АПТЕКАРСКИЙ ОГОРОД!;38
Зелень;Зелень Пастернак Кулинар/Сем Алт/цп 1 гр.;32
Зелень;Зелень Петрушка Корневая сахарная/Сем Алт/цп 2 гр.;36
Зелень;Зелень Петрушка Листовая Богатырь/Сем Алт/цп 2 гр.;34
Зелень;Зелень Петрушка Листовая Итальянский Гигант/Сем Алт/цп 2 гр.;36
Зелень;Зелень Петрушка Листовая Леди Лета/Сем Алт/цп 2 гр.;35
Зелень;Зелень Петрушка Листовая Обыкновенная/Сем Алт/цп 2 гр.;35
Зелень;Зелень Петрушка Листовая Универсал/Сем Алт/цп 2 гр.;37
Зелень;Зелень Портулак Восточная Закуска огородный/Сем Алт/цп 0,1 гр.;30
Зелень;Зелень Пустырник Сердечный/Сем Алт/цп 0,1 гр. АПТЕКАРСКИЙ ОГОРОД!;38
Зелень;Зелень Расторопша пятнистая Здравница/Сем Алт/цп 1 гр. АПТЕКАРСКИЙ ОГОРОД!;35
Зелень;Зелень Репешок обыкновенный/Сем Алт/цп 0,1 гр. АПТЕКАРСКИЙ ОГОРОД!;34
Зелень;Зелень Розмарин Ароматный/Сем Алт/цп 0,03 гр.;58
Зелень;Зелень Ромашка Аптечная Айболит/Сем Алт/цп 0,2 гр. АПТЕКАРСКИЙ ОГОРОД!;32
Зелень;Зелень Рукола (Индау) Гурман/Сем Алт/цп 0,3 гр.;35
Зелень;Зелень Рукола (Индау) Гурман/Сем Алт/цп 1 гр.;39
Зелень;Зелень Рукола (Индау) Итальяно/Сем Алт/цп 1 гр.;39
Зелень;Зелень Рукола (Индау) Сицилия/Сем Алт/цп 1 гр.;39
Зелень;Зелень Рута Кружевница/Сем Алт/цп 0,1 гр. АПТЕКАРСКИЙ ОГОРОД!;32
Зелень;Зелень Салат Азарт/Сем Алт/цп 0,5 гр.;34
Зелень;Зелень Салат Айсберг/Сем Алт/цп 0,5 гр.;38
Зелень;Зелень Салат Аттракцион/Сем Алт/цп 0,5 гр.;35
Зелень;Зелень Салат Берлинский Желтый/Сем Алт/цп 0,5 гр.;35
Зелень;Зелень Салат Великие Озера-659/Сем Алт/цп 0,5 гр.;34
Зелень;Зелень Салат Витаминный/Сем Алт/цп 0,5 гр.;34
Зелень;Зелень Салат Зайка-Зазнайка/Сем Алт/цп 0,5 гр.;38
Зелень;Зелень Салат Иван да Марья смесь/Сем Алт/цп 0,5 гр. НОВИНКА!;37
Зелень;Зелень Салат Изумрудное Кружево/Сем Алт/цп 0,5 гр.;32
Зелень;Зелень Салат Король Рынка/Сем Алт/цп 0,5 гр.;35
Зелень;Зелень Салат Кудрявый Мальчонка/Сем Алт/цп 0,5 гр.;38
Зелень;Зелень Салат Кучерявец Одесский/Сем Алт/цп 0,5 гр.;35
Зелень;Зелень Салат Лолло Бионда/Сем Алт/цп 0,5 гр.;39
Зелень;Зелень Салат Лолло Росса/Сем Алт/цп 0,5 гр.;37
Зелень;Зелень Салат Майский Король/Сем Алт/цп 0,5 гр.;32
Зелень;Зелень Салат Молодо-Зелено/Сем Алт/цп 0,5 гр.;34
Зелень;Зелень Салат Московский Парниковый/Сем Алт/цп 0,5 гр.;35
Зелень;Зелень Салат Парижский Флирт/Сем Алт/цп 0,5 гр.;34
Зелень;Зелень Салат Пармезан/Сем Алт/цп 0,01 гр, НОВИНКА!;95
Зелень;Зелень Салат Пекин/Сем Алт/цп 0,5 гр. АЗИАТСКИЙ ОГОРОД!;34
Зелень;Зелень Салат Пять Чудес Смесь/Сем Алт/цп БОЛЬШОЙ ПАКЕТ! НОВИНКА!;75
Зелень;Зелень Салат Светофор Смесь/Сем Алт/цп 0,5 гр. НОВИНКА!;38
Зелень;Зелень Салат Спаржевый Уйсун/Сем Алт/цп 0,5 гр. АЗИАТСКИЙ ОГОРОД!;35
Зелень;Зелень Салат Фриллис F1/Сем Алт/цп 0,01 гр. Seminis (Голландские Семена);96
Зелень;Зелень Салат Цикорий Витаминный Коктейль/Сем Алт/цп 0,5 гр.;35
Зелень;Зелень Салат Цикорий Витлуф/Сем Алт/цп 0,5 гр.;35
Зелень;Зелень Салат Цикорий каталонский Кружевные Узоры/Сем Алт/цп 0,5 гр.;35
Зелень;Зелень Салат Цикорий кочанный Диетический/Сем Алт/цп 0,5 гр.;32
Зелень;Зелень Салат Цикорий листовой Сахарные Листочки/Сем Алт/цп 0,5 гр.;35
Зелень;Зелень Салат Чудо 4 сезонов/Сем Алт/цп 0,5 гр.;35
Зелень;Зелень Салат Эндивий Кладезь Витаминов/Сем Алт/цп 0,5 гр.;32
Зелень;Зелень Салат Эндивий Рецепт Здоровья/Сем Алт/цп 0,5 гр.;32
Зелень;Зелень Салат Эндивий Целебный Букет/Сем Алт/цп 0,5 гр.;35
Зелень;Зелень Сельдерей Корневой Пражский Гигант/Сем Алт/цп 0,5  гр.;35
Зелень;Зелень Сельдерей Листовой Бодрость/Сем Алт/цп 0,5 гр.;35
Зелень;Зелень Сельдерей Черешковый Парус/Сем Алт/цп 0,5 гр.;39
Зелень;Зелень Спаржа Аржентельская/Сем Алт/цп 0,5 гр.;55
Зелень;Зелень Стевия Медовая Трава/Сем Алт/цп 5 шт. АПТЕКАРСКИЙ ОГОРОД!;75
Зелень;Зелень Табак Берлей Краснодарский/Сем Алт/цп 0,01 гр.;36
Зелень;Зелень Табак Вирджиния 202 курительный/Сем Алт/цп 0,01 гр.;38
Зелень;Зелень Тимьян Медок/Сем Алт/цп 0,2 гр. АПТЕКАРСКИЙ ОГОРОД!;42
Зелень;Зелень Тмин Аппетитный/Сем Алт/цп 0,5 гр.;34
Зелень;Зелень Укроп Аллигатор/Сем Алт/цп 2 гр.;35
Зелень;Зелень Укроп Вологодские кружева/Сем Алт/цп 2 гр.;35
Зелень;Зелень Укроп Грибовский/Сем Алт/цп 2 гр.;35
Зелень;Зелень Укроп Дондигидон/Сем Алт/цп 2 гр.;32
Зелень;Зелень Укроп Карлик/Сем Алт/цп 2 гр.;35
Зелень;Зелень Укроп Кибрай/Сем Алт/цп 2 гр.;30
Зелень;Зелень Укроп Кустистый/Сем Алт/цп 2 гр.;35
Зелень;Зелень Укроп Лесногородский/Сем Алт/цп 2 гр.;30
Зелень;Зелень Укроп Мамонт/Сем Алт/цп 2 гр.;35
Зелень;Зелень Укроп На Пучок/Сем Алт/цп 2 гр.;37
Зелень;Зелень Укроп Обильнолистный/Сем Алт/цп 2 гр.;35
Зелень;Зелень Укроп Супердукат ОЕ/Сем Алт/цп 2 гр.;28
Зелень;Зелень Укроп Узоры/Сем Алт/цп 2 гр.;30
Зелень;Зелень Фенхель Удалец/Сем Алт/цп 0,5 гр.;34
Зелень;Зелень Чабер Ароматный/Сем Алт/цп 0,2 гр.;35
Зелень;Зелень Чабер Ароматный/Сем Алт/цп 0,5 гр.;34
Зелень;Зелень Чернокорень Лекарственный/Сем Алт/цп 0,1 гр. АПТЕКАРСКИЙ ОГОРОД!;38
Зелень;Зелень Шалфей Мускатный/Сем Алт/цп 0,1 гр.;35
Зелень;Зелень Шпинат Витаминный Король/Сем Алт/цп 1 гр.;30
Зелень;Зелень Шпинат Жирнолистный/Сем Алт/цп 1 гр.;35
Кабачок;Кабачок 13 Стульев/Сем Алт/цп 2 гр.;39
Кабачок;Кабачок Ананасный/Сем Алт/цп 2 гр.;39
Кабачок;Кабачок Аппетитный Горшочек/Сем Алт/цп 1 гр.;44
Кабачок;Кабачок Аэронавт (Цуккини)/Сем Алт/цп 2 гр.;35
Кабачок;Кабачок Бабье Счастье/Сем Алт/цп 2 гр.;39
Кабачок;Кабачок Бананы на Грядке F1/Сем Алт/цп 1 гр.;55
Кабачок;Кабачок Белоплодные/Сем Алт/цп 2 гр.;30
Кабачок;Кабачок Белуха/Сем Алт/цп 2 гр. Сибирская Селекция!;39
Кабачок;Кабачок Важный Господин/Сем Алт/цп 2 гр.;39
Кабачок;Кабачок Грибовские 37/Сем Алт/цп 2 гр.;34
Кабачок;Кабачок Гуси-Лебеди/Сем Алт/цп 1 гр. НОВИНКА!;48
Кабачок;Кабачок Джеймс Бонд/Сем Алт/цп 2 гр.;39
Кабачок;Кабачок Для Гриля/Сем Алт/цп 2 гр.;39
Кабачок;Кабачок Желтоплодный-Цуккини/Сем Алт/цп 2 гр.;36
Кабачок;Кабачок Зебра/Сем Алт/цп 2 гр.;35
Кабачок;Кабачок Золотинка-Цуккини/Сем Алт/цп 2 гр.;39
Кабачок;Кабачок Искандер F1/Сем Алт/цп 5 шт. Seminis (Голландские Семена);98
Кабачок;Кабачок Крокодил Гена/Сем Алт/цп 2 гр.;36
Кабачок;Кабачок Лимонадный Джо/Сем Алт/цп 2 гр.;39
Кабачок;Кабачок Негритенок (Цуккини)/Сем Алт/цп 2 гр.;38
Кабачок;Кабачок Ролик/Сем Алт/цп 2 гр.;34
Кабачок;Кабачок С Кулачок/Сем Алт/цп 1 гр.;44
Кабачок;Кабачок Скворушка (Цуккини)/Сем Алт/цп 2 гр.;32
Кабачок;Кабачок Спагетти Равиоло/Сем Алт/цп 1 гр.;36
Кабачок;Кабачок Сударь/Сем Алт/цп 2 гр.;30
Кабачок;Кабачок Усатый Полосатый/Сем Алт/цп 2 гр.;36
Кабачок;Кабачок Фараон/Сем Алт/цп 2 гр.;35
Кабачок;Кабачок Фаршировочный/Сем Алт/цп 2 гр.;36
Кабачок;Кабачок Цукеша-цукини/Сем Алт/цп 2 гр.;35
Кабачок;Кабачок Черный Красавец-Цуккини/Сем Алт/цп 2 гр.;39
Кабачок;Кабачок Якорь/Сем Алт/цп 2 гр.;34
Капуста;Капуста Амагер 611/Сем Алт/цп 0,3 гр.;32
Капуста;Капуста Антикиллер/Сем Алт/цп 0,3 гр.;52
Капуста;Капуста Атрия F1/Сем Алт/цп 12 шт. Seminis (Голландские Семена);75
Капуста;Капуста Белорусская 455/Сем Алт/цп 0,5 гр.;28
Капуста;Капуста Белтис F1/Сем Алт/цп 15 шт. Seminis (Голландские Семена);91
Капуста;Капуста Брокколи Абсент F1/Сем Алт/цп 10 шт. НОВИНКА!;85
Капуста;Капуста Брокколи Калабрезе/Сем Алт/цп 0,5 гр.;37
Капуста;Капуста Брокколи Лорд F1/Сем Алт/цп 15 шт. Seminis (Голландские Семена);89
Капуста;Капуста Брокколи Мультивитамин/Сем Алт/цп 0,3 гр. НОВИНКА! СЕРИЯ ЧЕМПИОНЫ ПОЛЬЗЫ!;49
Капуста;Капуста Брокколи Тонус/Сем Алт/цп 0,3 гр.;30
Капуста;Капуста Брокколи Цезарь/Сем Алт/цп 0,3 гр.;35
Капуста;Капуста Брюссельская Лонг Айленд/Сем Алт/цп 0,3 гр.;35
Капуста;Капуста Брюссельская Лонг Айленд/Сем Алт/цп 0,5 гр.;34
Капуста;Капуста Брюссельская Рубиновые Бусы/Сем Алт/цп 0,1 гр.;38
Капуста;Капуста Брюссельская Сандра/Сем Алт/цп  0,5 гр.;34
Капуста;Капуста Брюссельская Сапфир/Сем Алт/цп 0,1 гр.;34
Капуста;Капуста Валентина F1/Сем Алт/цп 0,1 гр.;70
Капуста;Капуста Вестри F1/Сем Алт/цп 15 шт. Seminis (Голландские Семена);100
Капуста;Капуста Вьюга/Сем Алт/цп 0,5 гр. Сибирская Селекция!;38
Капуста;Капуста Грин Флэш F1/Сем Алт/цп 15 шт. Seminis (Голландские Семена);90
Капуста;Капуста Доминанта F1/Сем Алт/цп 0,1 гр. (улучшенный колобок);64
Капуста;Капуста Зимовка 1474/Сем Алт/цп 0,5 гр.;34
Капуста;Капуста Золотой Гектар 1432/Сем Алт/цп 0,3 гр.;31
Капуста;Капуста Июньская/Сем Алт/цп 0,5 гр.;34
Капуста;Капуста Казачок F1/Сем Алт/цп 0,1 гр.;42
Капуста;Капуста Каменная Голова/Сем Алт/цп 0,3 гр.;37
Капуста;Капуста Китайская Пак Чой/Сем Алт/цп 0,3 гр. АЗИАТСКИЙ ОГОРОД!;35
Капуста;Капуста Китайская Ши Хо/Сем Алт/цп 0,3 гр. АЗИАТСКИЙ ОГОРОД!;35
Капуста;Капуста Колобок F1/Сем Алт/цп 0,1 гр.;39
Капуста;Капуста Кольраби Венская Белая 1350/Сем Алт/цп 0,3 гр.;35
Капуста;Капуста Кольраби Виолетта/Сем Алт/цп 0,3 гр.;35
Капуста;Капуста Кольраби Гигант/Сем Алт/цп 0,3 гр.;31
Капуста;Капуста Коля F1/Сем Алт/цп 15 шт. Seminis (Голландские Семена);85
Капуста;Капуста Краснокочанная Вегетарианка/Сем Алт/цп 0,3 гр. НОВИНКА! СЕРИЯ ЧЕМПИОНЫ ПОЛЬЗЫ!;40
Капуста;Капуста Краснокочанная Марс МС/Сем Алт/цп 0,3 гр.;34
Капуста;Капуста Краснокочанная Поздняя Красавица/Сем Алт/цп 0,3 гр.;35
Капуста;Капуста Краснокочанная Рубин МС/Сем Алт/цп 0,3 гр.;35
Капуста;Капуста Краснокочанная Топаз/Сем Алт/цп 0,3 гр.;35
Капуста;Капуста Мегатон F1/Сем Алт/цп 10 шт. Bejo (Голландские Семена);95
Капуста;Капуста Морозко/Сем Алт/цп 0,3 гр.;32
Капуста;Капуста Московская поздняя 15/Сем Алт/цп 0,5 гр.;34
Капуста;Капуста Надежда/Сем Алт/цп 0,5 гр.;35
Капуста;Капуста Номер первый Грибовский 147/Сем Алт/цп 0,5 гр.;30
Капуста;Капуста Пекинская Гранат/Сем Алт/цп 0,3 гр. АЗИАТСКИЙ ОГОРОД!;35
Капуста;Капуста Пекинская Любаша/Сем Алт/цп 0,3 гр. АЗИАТСКИЙ ОГОРОД!;35
Капуста;Капуста Подарок/Сем Алт/цп 0,5 гр.;34
Капуста;Капуста Просто-Квашено/Сем Алт/цп 0,3 гр.;38
Капуста;Капуста Ринда F1/Сем Алт/цп 10 шт. Seminis (Голландские Семена);75
Капуста;Капуста Ринда F1/Сем Алт/цп 12 шт. Seminis (Голландские Семена);84
Капуста;Капуста Савойская Зеленое Кружево/Сем Алт/цп 0,3 гр.;34
Капуста;Капуста Савойская Фиолетовое Кружево/Сем Алт/цп 0,3 гр.;34
Капуста;Капуста СБ-3 F1/Сем Алт/цп 0,1 гр.;38
Капуста;Капуста Сердце Буйвола/Сем Алт/цп 0,5 гр.;34
Капуста;Капуста Сибирская Пирамида/Сем Алт/цп 0,5 гр.;36
Капуста;Капуста Сибирский Гигант/Сем Алт/цп 0,3 гр. СЕРИЯ СИБИРСКИЕ ГИГАНТЫ!;39
Капуста;Капуста Сибирячка 60/Сем Алт/цп 0,5 гр. Сибирская Селекция!;34
Капуста;Капуста Слава 1305/Сем Алт/цп 0,5 гр.;34
Капуста;Капуста Сорви Голова F1/Сем Алт/цп 0,1 гр.;42
Капуста;Капуста Сто Одежек/Сем Алт/цп 0,3 гр.;37
Капуста;Капуста Точка/Сем Алт/цп 0,5 гр.;36
Капуста;Капуста Трансфер F1/Сем Алт/цп 0,1 гр.;39
Капуста;Капуста Цветная Альфа/Сем Алт/цп 0,3 гр.;39
Капуста;Капуста Цветная Балдо F1/Сем Алт/цп 10 шт. Seminis (Голландские Семена);190
Капуста;Капуста Цветная Винсон F1/Сем Алт/цп 10 шт. Seminis (Голландские Семена);145
Капуста;Капуста Цветная Дачница/Сем Алт/цп 0,3 гр.;39
Капуста;Капуста Цветная Изумрудная Королева/Сем Алт/цп 0,3 гр.;38
Капуста;Капуста Цветная Иностранки Смесь/Сем Алт/цп 0,9 гр. БОЛЬШОЙ ПАКЕТ!;75
Капуста;Капуста Цветная Малимба F1/Сем Алт/цп 10 шт. Seminis (Голландские Семена);135
Капуста;Капуста Цветная Марвел 4 Сеазонс (4 Сезона)/Сем Алт/цп 0,3 гр.;39
Капуста;Капуста Цветная Мовир 74/Сем Алт/цп 0,3 гр.;39
Капуста;Капуста Цветная Оранжевая Королева/Сем Алт/цп 0,3 гр. НОВИНКА!;38
Капуста;Капуста Цветная Романеско/Сем Алт/цп 0,3 гр.;39
Капуста;Капуста Цветная Снежная Баба F1/Сем Алт/цп 10 шт. НОВИНКА!;115
Капуста;Капуста Цветная Сноуболл 123/Сем Алт/цп 0,3 гр.;39
Капуста;Капуста Цветная Столичная Штучка F1/Сем Алт/цп 10 шт.;145
Капуста;Капуста Цветная Стройняшка/Сем Алт/цп 0,3 гр. НОВИНКА! СЕРИЯ ЧЕМПИОНЫ ПОЛЬЗЫ!;58
Капуста;Капуста Цветная Фиолетовая Королева/Сем Алт/цп 0,1 гр.;37
Картофель в семенах;Картофель Импала/Сем Алт/цп 0,02 гр. НОВИНКА!;31
Картофель в семенах;Картофель Пикассо/Сем Алт/цп 0,02 гр. НОВИНКА!;31
Картофель в семенах;Картофель Ривьера/Сем Алт/цп 0,02 гр. НОВИНКА!;31
Кукуруза;Кукуруза Былина/Сем Алт/цп 3 гр.;39
Кукуруза;Кукуруза Кубанский Сахарный 210/Сем Алт/цп 5 гр.;34
Кукуруза;Кукуруза Лакомка Белогорья/Сем Алт/цп 5 гр.;34
Кукуруза;Кукуруза Поп Корн/Сем Алт/цп 5 гр.;37
Кукуруза;Кукуруза Сластена/Сем Алт/цп 5 гр.;38
Кукуруза;Кукуруза Станичник/Сем Алт/цп 3 гр.;39
Кукуруза;Кукуруза Тройная Сладость/Сем Алт/цп 5 гр.;35
Кукуруза;Кукуруза Утренняя Песня Сахарная F1/Сем Алт/цп 5 гр.;34
Кукуруза;Кукуруза Хуторянка/Сем Алт/цп 3 гр.;39
Кукуруза;Кукуруза Царевица/Сем Алт/цп 5 гр.;35
Лук;Лук Айлса Грейг/Сем Алт/цп 0,2 гр. НОВИНКА!;39
Лук;Лук Батун Апрельский/Сем Алт/цп 1 гр.;38
Лук;Лук Батун Нежность/Сем Алт/цп 1 гр.;39
Лук;Лук Батун Пьеро/Сем Алт/цп 1 гр.;37
Лук;Лук Батун Русский Зимний/Сем Алт/цп 1 гр.;39
Лук;Лук Беннито F1/Сем Алт/цп 0,2 гр. Seminis (Голландские Семена);55
Лук;Лук Брунсвик/Сем Алт/цп 0,5 гр.;33
Лук;Лук Душистый Китайский Чеснок/Сем Алт/цп 0,3 гр;34
Лук;Лук Душистый Китайский Чеснок/Сем Алт/цп 0,5 гр НОВИНКА!;32
Лук;Лук Душистый Чесночный Аромат/Сем Алт/цп 0,3 гр;34
Лук;Лук Здоровья Друг/Сем Алт/цп 0,2 гр. НОВИНКА! СЕРИЯ ЧЕМПИОНЫ ПОЛЬЗЫ!;77
Лук;Лук Золотничок/Сем Алт/цп 0,5 гр.;34
Лук;Лук Каратальский/Сем Алт/цп 0,5 гр.;34
Лук;Лук Каратальский/Сем Алт/цп 1 гр.;39
Лук;Лук Кармен МС/Сем Алт/цп 0,5 гр.;39
Лук;Лук Мячковский 300/Сем Алт/цп 0,5 гр.;37
Лук;Лук на зелень Белый Пучок/Сем Алт/цп 0,5 гр.;38
Лук;Лук на зелень Грин Баннер/Сем Алт/цп 0,2 гр. Seminis (Голландские Семена);44
Лук;Лук на зелень и мини-головку Ранний Пучок/Сем Алт/цп 0,3 гр.;37
Лук;Лук на зелень и мини-головку Ранний Пучок/Сем Алт/цп 0,5 гр.;38
Лук;Лук на Зелень Красный Пучок/Сем Алт/цп 0,3 гр;34
Лук;Лук на зелень Перо Жар-Птицы/Сем Алт/цп 0,5 гр.;37
Лук;Лук на Зелень/Сем Алт/цп 0,5 гр.;32
Лук;Лук на Зелень/Сем Алт/цп 0,5 гр. УРОЖАЙ НА ОКНЕ;38
Лук;Лук на Перо Перформер/Сем Алт/цп 0,2 гр. Bejo (Голландские Семена);48
Лук;Лук Ни Слезинки/Сем Алт/цп 0,2 гр.;77
Лук;Лук Одинцовец/Сем Алт/цп 0,5 гр.;33
Лук;Лук Одинцовец/Сем Алт/цп 1 гр.;32
Лук;Лук Порей Зимний Гигант/Сем Алт/цп 1 гр.;39
Лук;Лук Порей Карантанский/Сем Алт/цп 1 гр.;39
Лук;Лук Порей Сибирский Гигант/Сем Алт/цп 0,5 гр. СЕРИЯ СИБИРСКИЕ ГИГАНТЫ!;42
Лук;Лук Порей Сибирский Гигант/Сем Алт/цп 1 гр. СЕРИЯ СИБИРСКИЕ ГИГАНТЫ!;49
Лук;Лук Порей Элефант МС/Сем Алт/цп 1 гр.;38
Лук;Лук Ред Барон/Сем Алт/цп 0,5 гр.;38
Лук;Лук Сибирский Гигант/Сем Алт/цп 0,2 гр. НОВИНКА! СЕРИЯ СИБИРСКИЕ ГИГАНТЫ!;57
Лук;Лук Стригуновский Местный/Сем Алт/цп 1 гр.;36
Лук;Лук Стурон/Сем Алт/цп 0,5 гр.;36
Лук;Лук Халцедон/Сем Алт/цп 1 гр.;40
Лук;Лук Черемша алтайская/Сем Алт/цп 0,3 гр. НОВИНКА!;42
Лук;Лук Чипполино/Сем Алт/цп 0,5  гр.;38
Лук;Лук Шалот Шарлотта/Сем Алт/цп 0,3 гр.;57
Лук;Лук Шнитт Медунок/Сем Алт/цп 0,5 гр.;39
Лук;Лук Штутгартер Ризен/Сем Алт/цп 1 гр.;38
Лук;Лук Эксибишен/Сем Алт/цп 0,2 гр. Bejo (Голландские Семена);77
Лук;Лук Ялтинский/Сем Алт/цп 0,2 гр. НОВИНКА!;35
Мангольд;Мангольд Изумруд/Сем Алт/цп 1 гр.;35
Мангольд;Мангольд Рубин/Сем Алт/цп 1 гр.;34
Микрозелень;Зелень Кресс-Салат Ажур/Сем Алт/цп 1 гр.;30
Микрозелень;Зелень Кресс-Салат Забава/Сем Алт/цп 1 гр.;35
Микрозелень;Микрозелень Базилик Ароматный микс/Сем Алт/цп 1 гр. НОВИНКА! МИКРОЗЕЛЕНЬ;45
Микрозелень;Микрозелень Горох/Сем Алт/цп 10 гр.НОВИНКА! МИКРОЗЕЛЕНЬ!;30
Микрозелень;Микрозелень Горчица/Сем Алт/цп 5 гр. НОВИНКА! МИКРОЗЕЛЕНЬ!;34
Микрозелень;Микрозелень Кресс-салат Весенний/Сем Алт/цп 1 гр.НОВИНКА! МИКРОЗЕЛЕНЬ!;35
Микрозелень;Микрозелень Кукуруза Сахарная/Сем Алт/цп 5 гр. НОВИНКА! МИКРОЗЕЛЕНЬ!;37
Микрозелень;Микрозелень Подсолнечник/Сем Алт/цп 10 гр. НОВИНКА! МИКРОЗЕЛЕНЬ!;34
Морковь;Морковь Амстердамска/Сем Алт/цп 2 гр.;39
Морковь;Морковь Без Сердцевины (Вита Лонга)/Сем Алт/цп 2 гр.;39
Морковь;Морковь Витаминная 6/Сем Алт/цп 2 гр.;39
Морковь;Морковь Девочка-Припевочка/Сем Алт/цп 2 гр.;42
Морковь;Морковь Детская Сладкая/Сем Алт/цп 2 гр.;42
Морковь;Морковь Длинная Красная Без Сердцевины/Сем Алт/цп 2 гр.;39
Морковь;Морковь Для Плова/Сем Алт/цп 1 гр.;38
Морковь;Морковь Для Плова/Сем Алт/цп 2 гр.;44
Морковь;Морковь Долянка/Сем Алт/цп 2 гр.;39
Морковь;Морковь Император/Сем Алт/цп 2 гр.;48
Морковь;Морковь Канада F1/Сем Алт/цп 0,2 гр. Bejo (Голландские Семена);75
Морковь;Морковь Королева Осени/Сем Алт/цп 2 гр.;42
Морковь;Морковь Красна Девица/Сем Алт/цп 2 гр.;39
Морковь;Морковь Лосиноостровская 13/Сем Алт/цп 2 гр.;39
Морковь;Морковь Мармеладница/Сем Алт/цп 2 гр.;39
Морковь;Морковь Медовый Поцелуй/Сем Алт/цп 2 гр.;39
Морковь;Морковь Милашка/Сем Алт/цп 2 гр.;39
Морковь;Морковь Московская зимняя А 515/Сем Алт/цп 2 гр.;38
Морковь;Морковь Нантская 4/Сем Алт/цп 2 гр.;42
Морковь;Морковь НИИОХ 336/Сем Алт/цп 2 гр.;39
Морковь;Морковь Осенний Король/Сем Алт/цп 2 гр.;39
Морковь;Морковь Осенняя Забава/Сем Алт/цп 0,5 гр.;57
Морковь;Морковь Принцесса Шанхая/Сем Алт/цп 1 гр. АЗИАТСКИЙ ОГОРОД!;38
Морковь;Морковь Роте Ризен (Красный Великан)/Сем Алт/цп 2 гр.;39
Морковь;Морковь Самая Ранняя/Сем Алт/цп 1 гр.;42
Морковь;Морковь Самсон/Сем Алт/цп 0,5 гр. Bejo (Голландские Семена);55
Морковь;Морковь Санта Круз F1/Сем Алт/цп 0,3 гр. Seminis (Голландские Семена);65
Морковь;Морковь Соната/Сем Алт/цп 1 гр. Сибирская Селекция!;37
Морковь;Морковь Супервитаминная/Сем Алт/цп 2 гр. СЕРИЯ ЧЕМПИОНЫ ПОЛЬЗЫ!;50
Морковь;Морковь Тушон/Сем Алт/цп 2 гр.;42
Морковь;Морковь Флакке/Сем Алт/цп 2 гр.;41
Морковь;Морковь Форто/Сем Алт/цп 2 гр.;42
Морковь;Морковь Чурчхела Белая/Сем Алт/цп 0,2 гр.;58
Морковь;Морковь Чурчхела Желтая/Сем Алт/цп 0,2 гр.;58
Морковь;Морковь Чурчхела Красная/Сем Алт/цп 0,2 гр.;58
Морковь;Морковь Чурчхела Смесь/Сем Алт/цп 0,2 гр.;58
Морковь;Морковь Чурчхела Фиолетовая/Сем Алт/цп 0,2 гр.;58
Морковь;Морковь Шантенэ 2461/Сем Алт/цп 2 гр.;42
Морковь;Морковь Шантенэ Роял/Сем Алт/цп 2 гр.;44
Морковь на ленте;Морковь На ленте Шантенэ Роял/Сем Алт/цп 8 м.р;47
НАБОРЫ СЕМЯН;Зелень Салат Пять Чудес Смесь/Сем Алт/цп БОЛЬШОЙ ПАКЕТ! НОВИНКА!;75
НАБОРЫ СЕМЯН;Капуста Цветная Иностранки Смесь/Сем Алт/цп 0,9 гр. БОЛЬШОЙ ПАКЕТ!;75
Огурец;Огурец Алтай/Сем Алт/цп 0,5 гр. Сибирская Селекция!;38
Огурец;Огурец Аннушка F1/Сем Алт/цп 0,3 гр;42
Огурец;Огурец Аполлон F1/Сем Алт/цп 6 шт.;49
Огурец;Огурец Апрельский (ТСХА 98) F1/Сем Алт/цп 0,3 гр.;55
Огурец;Огурец Аты-Баты/Сем Алт/цп 8 шт.;39
Огурец;Огурец Балконный F1/Сем Алт/цп 5 шт.;58
Огурец;Огурец Бидретта F1/Сем Алт/цп 0,3 гр.;39
Огурец;Огурец Блондинчик/Сем Алт/цп 0,5 гр.;42
Огурец;Огурец Братец Иванушка F1/Сем Алт/цп 0,3 гр.;42
Огурец;Огурец Буян F1/Сем Алт/цп 5 шт.;58
Огурец;Огурец Бэби Мини F1/Сем Алт/цп 5 шт. Seminis (Голландские Семена);135
Огурец;Огурец Верные друзья F1/Сем Алт/цп 5 шт.;56
Огурец;Огурец Водолей/Сем Алт/цп 0,3 гр.;35
Огурец;Огурец Вязниковский 37/Сем Алт/цп 0,5 гр.;35
Огурец;Огурец Вятский F1/Сем Алт/цп 6 шт.;78
Огурец;Огурец Галина F1/Сем Алт/цп 5 шт. Seminis (Голландские Семена);59
Огурец;Огурец Герман F1/Сем Алт/цп 5 шт. Seminis (Голландские Семена);121
Огурец;Огурец Голубчик F1/Сем Алт/цп 0,3 гр.;39
Огурец;Огурец Городской Огурчик F1/Сем Алт/цп 5 шт. УРОЖАЙ НА ОКНЕ!;58
Огурец;Огурец Дальневосточный 27/Сем Алт/цп 0,5 гр.;34
Огурец;Огурец Емеля F1/Сем Алт/цп 5 шт.;55
Огурец;Огурец Журавленок F1/Сем Алт/цп 0,3 гр.;42
Огурец;Огурец Закусочный/Сем Алт/цп 0,5 гр.;38
Огурец;Огурец Засолочный/Сем Алт/цп 0,3 гр.;32
Огурец;Огурец Засолочный/Сем Алт/цп 0,5 гр.;28
Огурец;Огурец Зозуля F1 (ТСХА 77)/Сем Алт/цп 0,3 гр.;55
Огурец;Огурец Зубренок F1/Сем Алт/цп 0,3 гр.;38
Огурец;Огурец Изобильный F1/Сем Алт/цп 0,3 гр.;45
Огурец;Огурец Изящный/Сем Алт/цп 0,5 гр.;34
Огурец;Огурец Ира F1/Сем Алт/цп 0,3 гр.;42
Огурец;Огурец Китайский Джин №1 F1/Сем Алт/цп 6 шт. КИТАЙСКАЯ СЕРИЯ;58
Огурец;Огурец Китайский Холодоустойчивый F1/Сем Алт/цп 6 шт. КИТАЙСКАЯ СЕРИЯ;58
Огурец;Огурец Козырная Карта F1/Сем Алт/цп 5 шт.;55
Огурец;Огурец Комарик F1/Сем Алт/цп 5 шт.;75
Огурец;Огурец Конкурент/Сем Алт/цп 0,5 гр.;35
Огурец;Огурец Конни F1/Сем Алт/цп 6 шт.;44
Огурец;Огурец Корюшка F1/Сем Алт/цп 5 шт. НОВИНКА!;175
Огурец;Огурец Кустовой/Сем Алт/цп 0,5 гр.;38
Огурец;Огурец Левина Микс F1/Сем Алт/цп 0,3 гр.;40
Огурец;Огурец Либелле F1/Сем Алт/цп 0,3 гр.;42
Огурец;Огурец Мазай F1/Сем Алт/цп 5 шт.;49
Огурец;Огурец Маленький Хрустик F1/Сем Алт/цп 5 шт.;75
Огурец;Огурец Малыш/Сем Алт/цп 0,3 гр.;35
Огурец;Огурец Мальчик-с-пальчик F1/Сем Алт/цп 5 шт.;48
Огурец;Огурец Маринда F1/Сем Алт/цп 5 шт. Seminis (Голландские Семена);85
Огурец;Огурец Матрешка F1/Сем Алт/цп 5 шт.;58
Огурец;Огурец Маша F1/Сем Алт/цп 5 шт. Seminis (Голландские Семена);115
Огурец;Огурец Миг/Сем Алт/цп 0,5 гр.;38
Огурец;Огурец Мила F1/Сем Алт/цп 5 шт. Seminis (Голландские Семена);137
Огурец;Огурец Младший Лейтенант F1/Сем Алт/цп 5 шт.;55
Огурец;Огурец Моравский Корнишон F1/Сем Алт/цп 0,3 гр.;41
Огурец;Огурец Муравей F1/Сем Алт/цп 5 шт.;58
Огурец;Огурец Надюша F1/Сем Алт/цп 8 шт. Seminis (Голландские Семена);82
Огурец;Огурец Нежинский/Сем Алт/цп 0,5 гр.;35
Огурец;Огурец Обильный/Сем Алт/цп 0,5 гр.;38
Огурец;Огурец Пальчик/Сем Алт/цп 0,3 гр.;34
Огурец;Огурец Пальчик/Сем Алт/цп 0,5 гр.;32
Огурец;Огурец Парижский Корнишон/Сем Алт/цп 0,5 гр.;38
Огурец;Огурец Перента F1/Сем Алт/цп 0,3 гр.;42
Огурец;Огурец Подмосковные Вечера F1/Сем Алт/цп 5 шт.;55
Огурец;Огурец Простой Холостой F1/Сем Алт/цп 10 шт.;60
Огурец;Огурец Пучковая Семейка F1/Сем Алт/цп 5 шт.;85
Огурец;Огурец Пучковый Бум F1/Сем Алт/цп 5 шт.;175
Огурец;Огурец Ребята-Пикулята F1/Сем Алт/цп 5 шт.;185
Огурец;Огурец Родничок F1/Сем Алт/цп 0,3 гр.;42
Огурец;Огурец Селедочка F1/Сем Алт/цп 5 шт. НОВИНКА!;135
Огурец;Огурец Семеро Козлят F1/Сем Алт/цп 5 шт.;85
Огурец;Огурец Серпантин/Сем Алт/цп 0,5 гр. Сибирская Селекция!;34
Огурец;Огурец Сестрица Аленушка F1/Сем Алт/цп 0,3 гр.;39
Огурец;Огурец Сибирский Гигант F1/Сем Алт/цп 10 шт. СЕРИЯ СИБИРСКИЕ ГИГАНТЫ!;58
Огурец;Огурец Сибирский Пучок F1/Сем Алт/цп 5 шт.;145
Огурец;Огурец Соленые Уши F1/Сем Алт/цп 0,3 гр.;42
Огурец;Огурец Соловей F1/Сем Алт/цп 0,3 гр.;38
Огурец;Огурец Спальчик F1/Сем Алт/цп 5 шт.;85
Огурец;Огурец Спальчик F1/Сем Алт/цп 6 шт.;88
Огурец;Огурец Тополек F1/Сем Алт/цп 0,3 гр.;41
Огурец;Огурец Феникс/Сем Алт/цп 0,5 гр.;34
Огурец;Огурец Хабар/Сем Алт/цп 0,3 гр.;32
Огурец;Огурец Хрустящий Пучок F1/Сем Алт/цп 5 шт.;75
Огурец;Огурец Царская Охота F1/Сем Алт/цп 5 шт.;78
Огурец;Огурец Чародей F1/Сем Алт/цп 5 шт.;65
Огурец;Огурец Чародей F1/Сем Алт/цп 6 шт.;68
Огурец;Огурец Чижик F1/Сем Алт/цп 8 шт.;35
Огурец;Огурец Шик F1/Сем Алт/цп 5 шт.;68
Огурец;Огурец Шик F1/Сем Алт/цп 6 шт.;64
Огурец;Огурец Шопа F1/Сем Алт/цп 5 шт. НОВИНКА!;185
Огурец;Огурец Ясельная Группа  F1/Сем Алт/цп 5 шт.;145
Патиссон;Патиссон Белые 13/Сем Алт/цп 1 гр.;30
Патиссон;Патиссон Диск/Сем Алт/цп 1 гр.;28
Патиссон;Патиссон Зонтик/Сем Алт/цп 1 гр.;30
Патиссон;Патиссон Муми-Тролль/Сем Алт/цп 1 гр.;34
Патиссон;Патиссон НЛО Оранжевый /Сем Алт/цп 1 гр.;36
Патиссон;Патиссон НЛО Оранжевый /Сем Алт/цп 2 гр.;30
Патиссон;Патиссон Пятачок/Сем Алт/цп 1 гр.;34
Патиссон;Патиссон Солнышко/Сем Алт/цп 1 гр.;34
Патиссон;Патиссон Чебурашка/Сем Алт/цп 1 гр.;32
Перец;Перец Али-Баба/Сем Алт/цп 0,1 гр. Наша Селекция!;55
Перец;Перец Алтайский Плодовитый/Сем Алт/цп 0,1 гр.;58
Перец;Перец Алтынай/Сем Алт/цп 0,1 гр. НОВИНКА!;58
Перец;Перец Атлант/Сем Алт/цп 0,1 гр.;48
Перец;Перец Бабкин Язык/Сем Алт/цп 0,1 гр.;59
Перец;Перец Багира/Сем Алт/цп 0,1 гр. Наша Селекция!;46
Перец;Перец Бегемот/Сем Алт/цп 0,1 гр. Наша Селекция!;48
Перец;Перец Белозерка/Сем Алт/цп 0,1 гр.;30
Перец;Перец Белозерка/Сем Алт/цп 0,2 гр.;34
Перец;Перец Богатырь/Сем Алт/цп 0,1 гр.;35
Перец;Перец Болгарин/Сем Алт/цп 0,1 гр.;38
Перец;Перец Боярин/Сем Алт/цп 0,1 гр. Наша Селекция!;44
Перец;Перец Буратино/Сем Алт/цп 0,1 гр.;42
Перец;Перец Бухгалтер/Сем Алт/цп 10 шт.;65
Перец;Перец Венти/Сем Алт/цп 0,2 гр.;30
Перец;Перец Винни-Пух/Сем Алт/цп 0,1 гр.;37
Перец;Перец Вождь Краснокожих/Сем Алт/цп 0,1 гр. Наша Селекция!;48
Перец;Перец Воловье Ухо/Сем Алт/цп 0,1 гр.;37
Перец;Перец Геракл/Сем Алт/цп 0,2 гр.;37
Перец;Перец Джипси F1/Сем Алт/цп 5 шт. Seminis (Голландские Семена);156
Перец;Перец Дон Педро/Сем Алт/цп 0,1 гр.;37
Перец;Перец Дон Педро/Сем Алт/цп 0,2 гр.;39
Перец;Перец Желтый Витамин/Сем Алт/цп 0,1  гр. СЕРИЯ ЧЕМПИОНЫ ПОЛЬЗЫ!;60
Перец;Перец Желтый Колокол/Сем Алт/цп 0,2 гр.;45
Перец;Перец Золотая Пирамида/Сем Алт/цп 0,1 гр. Сибирская Селекция!;39
Перец;Перец Золотой Слиток/Сем Алт/цп 0,1 гр. Наша Селекция!;48
Перец;Перец Золотой Теленок/Сем Алт/цп 0,1 гр. Наша Селекция!;48
Перец;Перец Золотой Юбилей/Сем Алт/цп 0,1 гр.;38
Перец;Перец Золотой Юбилей/Сем Алт/цп 0,2 гр.;32
Перец;Перец Йоло Чудо/Сем Алт/цп 0,1 гр.;32
Перец;Перец Йоло Чудо/Сем Алт/цп 0,2 гр.;36
Перец;Перец Калифорнийское Чудо красное/Сем Алт/цп 0,1 гр.;38
Перец;Перец Калифорнийское Чудо красное/Сем Алт/цп 0,2 гр.;36
Перец;Перец Карась/Сем Алт/цп 10 шт.;68
Перец;Перец Китайские Фонарики/Сем Алт/цп 0,1 гр. АЗИАТСКИЙ ОГОРОД!;36
Перец;Перец Колобок/Сем Алт/цп 0,2 гр.;39
Перец;Перец Конь/Сем Алт/цп 10 шт. НОВИНКА!;68
Перец;Перец Купец/Сем Алт/цп 0,2 гр.;34
Перец;Перец Ласточка/Сем Алт/цп 0,1 гр.;34
Перец;Перец Ласточка/Сем Алт/цп 0,2 гр.;32
Перец;Перец Лечо/Сем Алт/цп 0,1 гр.;38
Перец;Перец Морозко/Сем Алт/цп 0,2 гр.;34
Перец;Перец Мустанг/Сем Алт/цп 0,1 гр. Сибирская Селекция!;34
Перец;Перец Острый Астраханский/Сем Алт/цп 0,1 гр.;32
Перец;Перец острый Астраханский/Сем Алт/цп 0,2 гр.;34
Перец;Перец Острый Бараний Рог/Сем Алт/цп 0,1 гр.;38
Перец;Перец Острый Бараний Рог/Сем Алт/цп 0,2 гр.;36
Перец;Перец Острый Жгучая Вишенка/Сем Алт/цп 0,1 гр.;36
Перец;Перец Острый Красный Дракон/Сем Алт/цп 0,1 гр. АЗИАТСКИЙ ОГОРОД!;38
Перец;Перец острый Красный Дракон/Сем Алт/цп 0,2 гр. КИТАЙСКАЯ СЕРИЯ;34
Перец;Перец Острый Красный Толстяк/Сем Алт/цп 0,2 гр.;39
Перец;Перец Острый Кубинец/Сем Алт/цп 0,1 гр. НОВИНКА!;34
Перец;Перец Острый Нокаут/Сем Алт/цп 0,1 гр. (2029 / 41218);39
Перец;Перец Острый Нокаут/Сем Алт/цп 0,2 гр.;34
Перец;Перец Острый Табаско/Сем Алт/цп 0,1 гр. НОВИНКА!;37
Перец;Перец Острый Цицак/Сем Алт/цп 0,1 гр. НОВИНКА!;34
Перец;Перец Острый Чегевара/Сем Алт/цп 0,1 гр.;37
Перец;Перец Падишах/Сем Алт/цп 0,1 гр. Наша Селекция!;48
Перец;Перец Пантера/Сем Алт/цп 10 шт. Наша Селекция! НОВИНКА!;65
Перец;Перец Первенец Романцова/Сем Алт/цп 0,2 гр.;38
Перец;Перец Плей Бой/Сем Алт/цп 0,1 гр.;45
Перец;Перец Подарок Молдовы/Сем Алт/цп 0,1 гр.;33
Перец;Перец Подарок Молдовы/Сем Алт/цп 0,2 гр.;35
Перец;Перец Примерный Муженек/Сем Алт/цп 0,1 гр.;45
Перец;Перец Ранний Сибиряк/Сем Алт/цп 0,1 гр.;39
Перец;Перец Роман/Сем Алт/цп 0,1 гр. Наша Селекция!;48
Перец;Перец Рэд Найт ЭКС 3 P F1/Сем Алт/цп 5 шт. Seminis (Голландские Семена);155
Перец;Перец Сапсан/Сем Алт/цп 0,1 гр. НОВИНКА!;67
Перец;Перец Сибирский Богатырь/Сем Алт/цп 0,1 гр. СЕРИЯ ЧЕМПИОНЫ ПОЛЬЗЫ!;59
Перец;Перец Сибирский Гигант F1/Сем Алт/цп 5 шт.;152
Перец;Перец Сибирский Князь/Сем Алт/цп 0,1 гр. Сибирская Селекция!;34
Перец;Перец Сибирский Экспресс/Сем Алт/цп 0,1 гр. Наша Селекция!;48
Перец;Перец Сиреневый Блеск/Сем Алт/цп 0,1 гр. Наша Селекция!;42
Перец;Перец Тамара F1/Сем Алт/цп 5 шт. Seminis (Голландские Семена);109
Перец;Перец Татарин/Сем Алт/цп 10 шт.;65
Перец;Перец Толстопуз/Сем Алт/цп 0,1 гр.;44
Перец;Перец Толстый Барин/Сем Алт/цп 0,1 гр. Наша Селекция!;44
Перец;Перец Три Толстяка/Сем Алт/цп 15 шт.;44
Перец;Перец Федор/Сем Алт/цп 10 шт.;66
Перец;Перец Фельдмаршал/Сем Алт/цп 0,1 гр. Наша Селекция!;44
Перец;Перец Цесаревич/Сем Алт/цп 0,1 гр. Наша Селекция!;48
Перец;Перец Эрли Сансейшн F1/Сем Алт/цп 5 шт. Seminis (Голландские Семена);135
Перец;Перец Ягуар/Сем Алт/цп 0,1 гр. Наша Селекция!;48
Перец;Перец Ятаган/Сем Алт/цп 0,1 гр.  Наша Селекция!;45
Подсолнечник;Подсолнечник Енисей/Сем Алт/цп 10 гр.;38
Редис;Редис 18 дней/Сем Алт/цп 2 гр.;36
Редис;Редис Алый Шар/Сем Алт/цп 2 гр.;38
Редис;Редис Белый Клык/Сем Алт/цп 2 гр.;34
Редис;Редис Бон Пари/Сем Алт/цп 2 гр.;39
Редис;Редис Вера/Сем Алт/цп 2 гр.;39
Редис;Редис Вюрцбургский 59/Сем Алт/цп 2 гр.;39
Редис;Редис Гонконг/Сем Алт/цп 2 гр. АЗИАТСКИЙ ОГОРОД!;39
Редис;Редис Дуро Краснодарское/Сем Алт/цп 2 гр.;39
Редис;Редис Жара/Сем Алт/цп 2 гр.;38
Редис;Редис Заря/Сем Алт/цп 2 гр.;38
Редис;Редис Злата/Сем Алт/цп 2 гр.;39
Редис;Редис Илке/Сем Алт/цп 2 гр.;38
Редис;Редис Кармен/Сем Алт/цп 2 гр.;38
Редис;Редис Король на Рынке/Сем Алт/цп 2 гр.;38
Редис;Редис Корунд/Сем Алт/цп 2 гр.;38
Редис;Редис Краса Алтая/Сем Алт/цп 2 гр. Сибирская Селекция!;39
Редис;Редис Красный Великан/Сем Алт/цп 2 гр.;38
Редис;Редис Ледяная Сосулька/Сем Алт/цп 2 гр.;32
Редис;Редис Любовный Треугольник/Сем Алт/цп 2 гр.;38
Редис;Редис Моховский/Сем Алт/цп 2 гр.;38
Редис;Редис Националь/Сем Алт/цп 2 гр.;30
Редис;Редис Окрошечный/Сем Алт/цп 2 гр.;38
Редис;Редис Осенний Гигант/Сем Алт/цп 2 гр.;37
Редис;Редис Пионер на Грядке (16 дней)/Сем Алт/цп 1 гр.;34
Редис;Редис Ранний Красный/Сем Алт/цп 2 гр.;38
Редис;Редис Ризенбуттер/Сем Алт/цп 2 гр.;38
Редис;Редис Розово-красный с бел.кончиком/Сем Алт/цп 2 гр.;38
Редис;Редис Рубин/Сем Алт/цп 2 гр.;38
Редис;Редис Румяные Щечки/Сем Алт/цп 2 гр.;38
Редис;Редис Сакса РС/Сем Алт/цп 2 гр.;38
Редис;Редис Сибирский Гигант/Сем Алт/цп 2 гр. СЕРИЯ СИБИРСКИЕ ГИГАНТЫ!;38
Редис;Редис Снегирек/Сем Алт/цп 2 гр.;36
Редис;Редис Тутти-Фрутти/Сем Алт/цп 2 гр.;38
Редис;Редис Фиолетовый Король/Сем Алт/цп 1 гр.;37
Редис;Редис Фиолетовый Король/Сем Алт/цп 2 гр.;38
Редис;Редис Французский завтрак/Сем Алт/цп 2 гр.;38
Редис;Редис Чемпион/Сем Алт/цп 2 гр.;38
Редька;Редька Барыня Зимняя Красная/Сем Алт/цп 1 гр.;30
Редька;Редька Белая Зимняя Круглая/Сем Алт/цп 1 гр.;34
Редька;Редька Годзилла/Сем Алт/цп 1 гр. НОВИНКА!;34
Редька;Редька Зимняя Круглая Черная/Сем Алт/цп 1 гр.;30
Редька;Редька китайская Маргеланская/Сем Алт/цп 1 гр.;32
Редька;Редька Клык Слона Китайская (Лоба)/Сем Алт/цп 1 гр. АЗИАТСКИЙ ОГОРОД!;30
Редька;Редька Мюнхенское Пиво/Сем Алт/цп 1 гр.;30
Редька;Редька Ночка/Сем Алт/цп 1 гр.;26
Редька;Редька Цилиндра/Сем Алт/цп 1 гр.;33
Редька;Редька Чудо-Лекарь/Сем Алт/цп 1  гр. НОВИНКА! СЕРИЯ ЧЕМПИОНЫ ПОЛЬЗЫ!;40
Репа;Репа Бабка за Дедку/Сем Алт/цп 1 гр.;35
Репа;Репа Белая Ночь/Сем Алт/цп 1 гр.;28
Репа;Репа Гейша/Сем Алт/цп 1 гр. АЗИАТСКИЙ ОГОРОД!;30
Репа;Репа Золотой Шар (Голден Болл)/Сем Алт/цп 1 гр.;28
Репа;Репа Миланская Розовая/Сем Алт/цп 1 гр.;32
Репа;Репа Русская Сказка/Сем Алт/цп 1 гр.;34
Репа;Репа Тянем-Потянем/Сем Алт/цп 1 гр.;30
Свекла;Свекла Барышня Крестьянка/Сем Алт/цп 2 гр.;39
Свекла;Свекла Бордо 237/Сем Алт/цп 3 гр.;44
Свекла;Свекла Детройт/Сем Алт/цп 3 гр.;39
Свекла;Свекла Египетская плоская/Сем Алт/цп 3 гр.;39
Свекла;Свекла Здоровый Румянец/Сем Алт/цп 2  гр. СЕРИЯ ЧЕМПИОНЫ ПОЛЬЗЫ!;56
Свекла;Свекла Кормовая Эккендорфская Желтая/Сем Алт/цп 2 гр.;38
Свекла;Свекла Красный Шар/Сем Алт/цп 2 гр.;38
Свекла;Свекла Кубанская Борщевая 43/Сем Алт/цп 2 гр. НОВИНКА!;34
Свекла;Свекла Мулатка/Сем Алт/цп 2 гр.;39
Свекла;Свекла Несравненная А 463/Сем Алт/цп 2 гр.;39
Свекла;Свекла Одноростковая/Сем Алт/цп 2 гр.;39
Свекла;Свекла Пабло F1/Сем Алт/цп 1 гр. Bejo (Голландские Семена);60
Свекла;Свекла Раннее Чудо/Сем Алт/цп 2 гр.;38
Свекла;Свекла Русский Борщ F1/Сем Алт/цп 1 гр.;58
Свекла;Свекла Славянка/Сем Алт/цп 2 гр.;39
Свекла;Свекла Смуглянка/Сем Алт/цп 2 гр.;39
Свекла;Свекла Столбовая Дворянка/Сем Алт/цп 2 гр.;39
Свекла;Свекла Фекла/Сем Алт/цп 2 гр.;39
Свекла;Свекла Цилиндра/Сем Алт/цп 3 гр.;39
Томат;Томат Августин/Сем Алт/цп 0,05 гр. НОВИНКА!;62
Томат;Томат Алей/Сем Алт/цп 0,05 гр. Наша Селекция!;42
Томат;Томат Алтайский Мясистый/Сем Алт/цп 0,05 гр. НОВИНКА!;68
Томат;Томат Алтайский Сахарный/Сем Алт/цп 0,05 гр. НОВИНКА!;68
Томат;Томат Андреевский Сюрприз/Сем Алт/цп 0,05 гр. Сибирская Селекция!;37
Томат;Томат Апельсин/Сем Алт/цп 0,05 гр.;34
Томат;Томат Апельсин/Сем Алт/цп 0,1 гр.;38
Томат;Томат Бабушкин Поцелуй/Сем Алт/цп 0,05 гр. Наша Селекция!;48
Томат;Томат Белый Налив 241/Сем Алт/цп 0,1 гр.;34
Томат;Томат Биг Биф F1/Сем Алт/цп 5 шт. Seminis (Голландские Семена);145
Томат;Томат Бийская Роза/Сем Алт/цп 0,05 гр. Сибирская Селекция!;38
Томат;Томат Бийский Розан/Сем Алт/цп 0,05 гр. Наша Селекция!;58
Томат;Томат Близняшки/Сем Алт/цп 0,05 гр. Наша Селекция!;42
Томат;Томат Бочата/Сем Алт/цп 0,05 гр. Сибирская Селекция!;42
Томат;Томат Бравый Генерал/Сем Алт/цп 0,05 гр. Наша Селекция!;48
Томат;Томат Буян Боец/Сем Алт/цп 0,05 гр.;34
Томат;Томат Буян Желтый/Сем Алт/цп 0,05 гр. Сибирская Селекция!;42
Томат;Томат Бычье Сердце Оранжевое/Сем Алт/цп 0,1 гр.;38
Томат;Томат Бычье Сердце/Сем Алт/цп 0,05 гр.;32
Томат;Томат Ваше Величество/Сем Алт/цп 0,05 гр. Наша Селекция!;48
Томат;Томат Вельможа/Сем Алт/цп 0,05 гр. Сибирская Селекция!;44
Томат;Томат Верность F1/Сем Алт/цп 15 шт.;60
Томат;Томат Вишня в Шоколаде/Сем Алт/цп 0,05 гр.;56
Томат;Томат Воловье сердце (Розовое)/Сем Алт/цп 0,05 гр.;34
Томат;Томат Воловье сердце (Розовое/Сем Алт/цп 0,1 гр.;37
Томат;Томат Воловьи Уши/Сем Алт/цп 0,05 гр. Наша Селекция!;45
Томат;Томат Гигант Красный/Сем Алт/цп 0,05 гр.;34
Томат;Томат Гигант Лимонный/Сем Алт/цп 0,1 гр.;38
Томат;Томат Дамские Пальчики/Сем Алт/цп 0,05 гр.;38
Томат;Томат Данко/Сем Алт/цп 0,05 гр. Сибирская Селекция!;42
Томат;Томат Де Барао Гигант/Сем Алт/цп 0,05 гр.;34
Томат;Томат Де Барао Золотой/Сем Алт/цп 0,1 гр.;36
Томат;Томат Де Барао Розовый/Сем Алт/цп 0,05 гр.;34
Томат;Томат Де Барао Черный/Сем Алт/цп 0,05 гр.;34
Томат;Томат Демидов/Сем Алт/цп 0,05 гр. Сибирская Селекция!;36
Томат;Томат Джина ТСТ/Сем Алт/цп 0,05 гр.;32
Томат;Томат Джина ТСТ/Сем Алт/цп 0,1 гр.;30
Томат;Томат Добряк/Сем Алт/цп 0,05 гр. Наша Селекция!;49
Томат;Томат Домашний Консервный/Сем Алт/цп 0,05 гр.;36
Томат;Томат Дорогой Гость/Сем Алт/цп 0,05 гр. Наша Селекция!;49
Томат;Томат Дородный/Сем Алт/цп 0,05 гр. Наша Селекция!;49
Томат;Томат Друзья Товарищи/Сем Алт/цп 0,05 гр. Наша Селекция!;44
Томат;Томат Дубок (Дубрава)/Сем Алт/цп 0,1 гр.;38
Томат;Томат Желтая Ракета/Сем Алт/цп 0,05 гр. Наша Селекция!;46
Томат;Томат Жрица/Сем Алт/цп 0,05 гр. НОВИНКА!;68
Томат;Томат Запуняка/Сем Алт/цп 0,05 гр. НОВИНКА!;72
Томат;Томат Засолочное Чудо/Сем Алт/цп 0,05 гр.;37
Томат;Томат Званый Вечер/Сем Алт/цп 0,05 гр. Наша Селекция!;48
Томат;Томат Земляк/Сем Алт/цп 0,05 гр. Сибирская Селекция!;36
Томат;Томат Золотой Алтын/Сем Алт/цп 0,05 гр. Сибирская Селекция!;44
Томат;Томат Золотце/Сем Алт/цп 0,05 гр. Наша Селекция!;42
Томат;Томат Золотце/Сем Алт/цп 0,05 гр. УРОЖАЙ НА ОКНЕ!;42
Томат;Томат Иваныч F1/Сем Алт/цп 10 шт.;63
Томат;Томат Иваныч F1/Сем Алт/цп 15 шт.;58
Томат;Томат Изумрудный Штамбовый/Сем Алт/цп 0,05 гр. Наша Селекция!;48
Томат;Томат Инна/Сем Алт/цп 0,05 гр. Сибирская Селекция!;39
Томат;Томат Йетина Мать/Сем Алт/цп 0,05 гр. НОВИНКА!;75
Томат;Томат Кабанчик F1/Cем Алт/цп 5 шт. НОВИНКА!;155
Томат;Томат Какаду F1/Сем Алт/цп 10 шт.;55
Томат;Томат Какаду F1/Сем Алт/цп 15 шт.;57
Томат;Томат Канары/Сем Алт/цп 0,05 гр. Сибирская Селекция!;42
Томат;Томат Канопус/Сем Алт/цп 0,05 гр. Сибирская Селекция!;39
Томат;Томат Карамелька/Сем Алт/цп 0,05 гр. Наша Селекция!;48
Томат;Томат Катюша/Сем Алт/цп 0,05 гр. Сибирская Селекция!;42
Томат;Томат Кебаб F1/Cем Алт/цп 5 шт. НОВИНКА!;75
Томат;Томат Кемеровец/Сем Алт/цп 0,05 гр. Сибирская Селекция!;32
Томат;Томат Китайский Болезнеустойчивый/Сем Алт/цп 0,05 гр. АЗИАТСКИЙ ОГОРОД!;37
Томат;Томат Китайский Болезнеустойчивый/Сем Алт/цп 0,1 гр. КИТАЙСКАЯ СЕРИЯ;37
Томат;Томат Китайский Жароустойчивый/Сем Алт/цп 0,05 гр. АЗИАТСКИЙ ОГОРОД!;44
Томат;Томат Китайский Ранний/Сем Алт/цп 0,05 гр. АЗИАТСКИЙ ОГОРОД!;39
Томат;Томат Китайский Розовый/Сем Алт/цп 0,05гр. АЗИАТСКИЙ ОГОРОД!;32
Томат;Томат Китайский Розовый/Сем Алт/цп 0,1 гр. КИТАЙСКАЯ СЕРИЯ;31
Томат;Томат Китайский Холодоустойчивый/Сем Алт/цп 0,05 гр. АЗИАТСКИЙ ОГОРОД!;44
Томат;Томат Китайский Холодоустойчивый/Сем Алт/цп 0,1 гр. КИТАЙСКАЯ СЕРИЯ;45
Томат;Томат Комбат/Сем Алт/цп 0,05 гр. Наша Селекция!;48
Томат;Томат Комнатный Сибиряк/Сем Алт/цп 0,05 гр. УРОЖАЙ НА ОКНЕ!;42
Томат;Томат Королевич/Сем Алт/цп 0,05 гр. Наша Селекция!;58
Томат;Томат Король Крупных/Сем Алт/цп 0,05 гр, Наша Селекция!;55
Томат;Томат Король Лондона/Сем Алт/цп 0,05 гр.;44
Томат;Томат Король Ранних/Сем Алт/цп 0,05 гр. Наша Селекция!;39
Томат;Томат Король Сибири/Сем Алт/цп 0,05 гр. Наша Селекция!;52
Томат;Томат Красногвардеец/Сем Алт/цп 0,05 гр. Наша Селекция!;46
Томат;Томат Кулема/Сем Алт/цп 0,05 гр. НОВИНКА!;69
Томат;Томат Лампочка/Сем Алт/цп 0,05 гр.;44
Томат;Томат Лонг Кипер/Сем Алт/цп 0,05 гр.;39
Томат;Томат Лось F1/Сем Алт/цп 3 шт.;175
Томат;Томат Любимый Король/Сем Алт/цп 0,05 гр. Наша Селекция!;42
Томат;Томат Любовь F1/Сем Алт/цп 10 шт.;48
Томат;Томат Любовь F1/Сем Алт/цп 15 шт.;48
Томат;Томат Ляна/Сем Алт/цп 0,1 гр.;37
Томат;Томат Малиновый Звон/Сем Алт/цп 10 шт.;45
Томат;Томат Малиновый Звон/Сем Алт/цп 15 шт.;54
Томат;Томат Мамонтенок/Сем Алт/цп 5 шт.;85
Томат;Томат Маняша/Сем Алт/цп 0,05 гр. Наша Селекция!;42
Томат;Томат Марал F1/Сем Алт/цп 10 шт. НОВИНКА!;105
Томат;Томат Марочка/Сем Алт/цп 0,05 гр. НОВИНКА!;66
Томат;Томат Медовый вкус/Сем Алт/цп 0,05 гр.;39
Томат;Томат Метелица/Сем Алт/цп 0,05 гр. Сибирская Селекция!;39
Томат;Томат Могучее Вымя/Сем Алт/цп 0,05 гр.;69
Томат;Томат Молодчина/Сем Алт/цп 0,05 гр. Наша Селекция!;45
Томат;Томат Монеточка/Сем Алт/цп 0,1 гр. НОВИНКА!;69
Томат;Томат Мохнатый Шмель/Сем Алт/цп 0,05 гр. Наша Селекция!;48
Томат;Томат Надежда F1/Сем Алт/цп 15 шт.;50
Томат;Томат Настёна F1/Сем Алт/цп 10 шт.;54
Томат;Томат Настёна F1/Сем Алт/цп 15 шт.;60
Томат;Томат Настенька/Сем Алт/цп 0,05 гр. Наша Селекция!;78
Томат;Томат Никитка/Сем Алт/цп 0,05 гр. Наша Селекция!;42
Томат;Томат Никола/Сем Алт/цп 0,05 гр. Сибирская Селекция!;30
Томат;Томат Новинка Приднестровья/Сем Алт/цп 0,1 гр.;28
Томат;Томат Огородный Колдун/Сем Алт/цп 0,05 гр. Наша Селекция!;42
Томат;Томат Ожерелье Желтое/Сем Алт/цп 0,05 гр. Наша Селекция!;39
Томат;Томат Олеся/Сем Алт/цп 0,05 гр. Сибирская Селекция!;39
Томат;Томат Оранжевое Лето/Сем Алт/цп 0,05 гр. Наша Селекция!;39
Томат;Томат Патрикеевна/Сем Алт/цп 0,05  гр. Наша Селекция!;42
Томат;Томат Пень F1/Сем Алт/цп 5 шт. НОВИНКА!;195
Томат;Томат Перцевидный/Сем Алт/цп 0,05 гр.;39
Томат;Томат Пикет/Сем Алт/цп 0,05 гр. Сибирская Селекция!;30
Томат;Томат Президент 2 F1/Сем Алт/цп 5 шт. Seminis (Голландские Семена);135
Томат;Томат Примадонна F1/Сем Алт/цп 10 шт.;75
Томат;Томат Примадонна F1/Сем Алт/цп 15 шт.;79
Томат;Томат Пухляш F1/Cем Алт/цп 5 шт. НОВИНКА!;175
Томат;Томат Пылающее Сердце/Сем Алт/цп 0,05 гр. Наша Селекция!;42
Томат;Томат Ракета (Красная)/Сем Алт/цп 0,05 гр.;30
Томат;Томат Ранний - 83/Сем Алт/цп 0,1 гр.;37
Томат;Томат Ранняя Любовь/Сем Алт/цп 0,05 гр. Наша Селекция!;39
Томат;Томат Розовое Сердце/Сем Алт/цп 0,1 гр.;39
Томат;Томат Розовый Гигант/Сем Алт/цп 0,1 гр.;39
Томат;Томат Розовый Слон/Сем Алт/цп 0,05 гр.;42
Томат;Томат Самородок/Сем Алт/цп 0,05 гр. Наша Селекция!;42
Томат;Томат Санька/Сем Алт/цп 0,05 гр.;34
Томат;Томат Свит Черри Смесь/Сем Алт/цп 0,05 гр.;39
Томат;Томат Севрюга/Сем Алт/цп 0,05 гр. Сибирская Селекция!;42
Томат;Томат Семен Безголовый/Сем Алт/цп 0,05 гр. Сибирская Селекция!;36
Томат;Томат Сердцеедка/Сем Алт/цп 5 шт. НОВИНКА!;85
Томат;Томат Сибирская Корона/Сем Алт/цп 0,05 гр.;38
Тыква;Тыква Важная Госпожа/Сем Алт/цп 1 гр.;45
Тыква;Тыква Волжская Серая 92/Сем Алт/цп 2 гр.;35
Тыква;Тыква Грибовская Зимняя/Сем Алт/цп 2 гр.;34
Тыква;Тыква Дама в Шляпе/Сем Алт/цп 1 гр.;45
Тыква;Тыква Жемчужина Мускатная/Сем Алт/цп 2 гр.;38
Тыква;Тыква Зимняя сладкая/Сем Алт/цп 2 гр.;33
Тыква;Тыква Карета для Золушки/Сем Алт/цп 2 гр.;38
Тыква;Тыква китайская Фонарик/Сем Алт/цп 1 гр. АЗИАТСКИЙ ОГОРОД!;48
Тыква;Тыква Кладовая Здоровья/Сем Алт/цп 1 гр. СЕРИЯ ЧЕМПИОНЫ ПОЛЬЗЫ!;56
Тыква;Тыква Крошка/Сем Алт/цп 2 гр.;35
Тыква;Тыква Лакомый Кусочек/Сем Алт/цп 1 гр.;34
Тыква;Тыква Лечебная/Сем Алт/цп 2 гр.;33
Тыква;Тыква Мама не Горюй/Сем Алт/цп 1 гр.;48
Тыква;Тыква Медовая Каша/Сем Алт/цп 2 гр.;36
Тыква;Тыква Мраморная/Сем Алт/цп 2 гр.;34
Тыква;Тыква Мулен Руж/Сем Алт/цп 1 гр.;39
Тыква;Тыква мускатная Витаминная/Сем Алт/цп 2 гр.;35
Тыква;Тыква Пампушка/Сем Алт/цп 2 гр.;32
Тыква;Тыква Розовый Банан/Сем Алт/цп 1 гр. НОВИНКА!;54
Тыква;Тыква Россиянка/Сем Алт/цп 2 гр.;34
Тыква;Тыква Сибирский Гигант/Сем Алт/цп 2 гр. СЕРИЯ СИБИРСКИЕ ГИГАНТЫ!;39
Тыква;Тыква Стофунтовая/Сем Алт/цп 2 гр.;37
Тыква;Тыква Тортилла/Сем Алт/цп 1 гр. НОВИНКА!;55
Тыква;Тыква Улыбка/Сем Алт/цп 2 гр.;38
Фасоль;Фасоль Ассоль/Сем Алт/цп 5 гр.;38
Фасоль;Фасоль Бриллиант/Сем Алт/цп 5 гр.;39
Фасоль;Фасоль День и ночь/Сем Алт/цп 5 гр. НОВИНКА!;42
Фасоль;Фасоль Журавушка/Сем Алт/цп 5 гр.;39
Фасоль;Фасоль Капучино/Сем Алт/цп 5 гр. НОВИНКА!;39
Фасоль;Фасоль Красная Шапочка/Сем Алт/цп 5 гр.;39
Фасоль;Фасоль Курочка Ряба/Сем Алт/цп 5 гр.;39
Фасоль;Фасоль Лима/Сем Алт/цп 5 гр.;39
Фасоль;Фасоль Лобио/Сем Алт/цп 5 гр.;36
Фасоль;Фасоль Пеппи Длинный Чулок/Сем Алт/цп 5 гр.;36
Фасоль;Фасоль Пинто/Сем Алт/цп 5 гр. НОВИНКА!;39
Фасоль;Фасоль Рубин/Сем Алт/цп 5 гр.;38
Фасоль;Фасоль Эксалто/Сем Алт/цп 5 гр.;39
Экзотика;Экзотика Бамия (Окра) Дамские Пальчики/Сем Алт/цп 1 гр.;38
Экзотика;Экзотика Кивано Зеленый дракон/Сем Алт/цп 5 шт. АЗИАТСКИЙ ОГОРОД!;64
Экзотика;Экзотика Момордика Найя/Сем Алт/цп 4 шт. АЗИАТСКИЙ ОГОРОД!;66
Экзотика;Экзотика Момордика Экзотическая смесь/Сем Алт/цп 4 шт. АЗИАТСКИЙ ОГОРОД!;73
Экзотика;Экзотика Пепино (Дынная Груша)/Сем Алт/цп 5 шт.;165
Экзотика;Экзотика Тортарелло Абруззе (Армянский Огурец)/Сем Алт/цп 0,3 гр.;38
Экзотика;Экзотика Тортарелло Бареззе (Армянский Огурец)/Сем Алт/цп 0,3 гр.;38
Ягода;Физалис Мармелад/Сем Алт/цп 0,2 гр. НОВИНКА!;36
Ягода;Физалис Медовая Сливка/Сем Алт/цп 0,2 гр. НОВИНКА!;36
Ягода;Ягода Ежевика Блэк Мама крупноплодная/Сем Алт/цп 0,03 гр. НОВИНКА;48
Ягода;Ягода Земляника Александрия ремонтантная/Сем Алт/цп 0,03 гр.;39
Ягода;Ягода Земляника Али-Баба ремонтантная/Сем Алт/цп 0,03 гр.;42
Ягода;Ягода Земляника Барон Солемахер ремонтантная/Сем Алт/цп 0,03 гр.;46
Ягода;Ягода Земляника Желтое чудо ремонтантная/Сем Алт/цп 0,1 гр.;44
Ягода;Ягода Земляника Крем-брюле желтая ремонтантная/Сем Алт/цп 0,03 гр. НОВИНКА;39
Ягода;Ягода Земляника Мигнонетт ремонтантная/Сем Алт/цп 5 шт. НОВИНКА;45
Ягода;Ягода Земляника Монако ремонтантная крупноплодная/Сем Алт/цп 0,01 гр. НОВИНКА;60
Ягода;Ягода Земляника Полянка ремонтантная/Сем Алт/цп 0,02 гр. НОВИНКА;39
Ягода;Ягода Земляника Регина ремонтантная/Сем Алт/цп 0,03 гр.;48
Ягода;Ягода Земляника Рюген ремонтантная/Сем Алт/цп 0,03 гр. НОВИНКА;52
Ягода;Ягода Земляника Фреска ремонтантная/Сем Алт/цп 5 шт. НОВИНКА;118
Ягода;Ягода Малина Барнаулка красная/Сем Алт/цп 0,03 гр. НОВИНКА;48
Ягода;Ягода Малина Чарыш желтая/Сем Алт/цп 0,03 гр. НОВИНКА;48
"Серия ""Сибирский гигант""";Горох Сибирский Гигант/Сем Алт/цп 10 гр. СЕРИЯ СИБИРСКИЕ ГИГАНТЫ!;55
"Серия ""Сибирский гигант""";Дайкон Сибирский Гигант/Сем Алт/цп 1 гр. СЕРИЯ СИБИРСКИЕ ГИГАНТЫ!;40
"Серия ""Сибирский гигант""";Лук Порей Сибирский Гигант/Сем Алт/цп 1 гр. СЕРИЯ СИБИРСКИЕ ГИГАНТЫ!;49
"Серия ""Сибирский гигант""";Лук Сибирский Гигант/Сем Алт/цп 0,2 гр. НОВИНКА! СЕРИЯ СИБИРСКИЕ ГИГАНТЫ!;57
"Серия ""Сибирский гигант""";Огурец Сибирский Гигант F1/Сем Алт/цп 10 шт. СЕРИЯ СИБИРСКИЕ ГИГАНТЫ!;58
"Серия ""Сибирский гигант""";Перец Сибирский Богатырь/Сем Алт/цп 0,1 гр. СЕРИЯ ЧЕМПИОНЫ ПОЛЬЗЫ!;59
"Серия ""Сибирский гигант""";Перец Сибирский Гигант F1/Сем Алт/цп 5 шт.;152
"Серия ""Сибирский гигант""";Редис Сибирский Гигант/Сем Алт/цп 2 гр. СЕРИЯ СИБИРСКИЕ ГИГАНТЫ!;38
"Серия ""Сибирский гигант""";Томат Сибирский Гигант Желтый/Сем Алт/цп 0,05 гр. СЕРИЯ СИБИРСКИЕ ГИГАНТЫ!;58
"Серия ""Сибирский гигант""";Томат Сибирский Гигант Розовый/Сем Алт/цп 0,05 гр. СЕРИЯ СИБИРСКИЕ ГИГАНТЫ!;52
"Серия ""Сибирский гигант""";Томат Сибирский Здоровяк/Сем Алт/цп 0,05 гр. СЕРИЯ ЧЕМПИОНЫ ПОЛЬЗЫ!;55
"Серия ""Сибирский гигант""";Тыква Сибирский Гигант/Сем Алт/цп 2 гр. СЕРИЯ СИБИРСКИЕ ГИГАНТЫ!;39
"Серия ""Урожай на окне""";Зелень Базилик Зеленый Ароматный/Сем Алт/цп 0,3 гр. УРОЖАЙ НА ОКНЕ!;37
"Серия ""Урожай на окне""";Зелень Базилик Мини/Сем Алт/цп 0,2 гр. УРОЖАЙ НА ОКНЕ!;39
"Серия ""Урожай на окне""";Зелень Базилик Ред Рубин/Сем Алт/цп 0,3 гр. УРОЖАЙ НА ОКНЕ!;37
"Серия ""Урожай на окне""";Зелень Кориандр Янтарь/Сем Алт/цп 2 гр. УРОЖАЙ НА ОКНЕ! !;32
"Серия ""Урожай на окне""";Зелень Шпинат Зимний Гигант/Сем Алт/цп 1 гр. УРОЖАЙ НА ОКНЕ!;32
"Серия ""Урожай на окне""";Лук на Зелень/Сем Алт/цп 0,5 гр. УРОЖАЙ НА ОКНЕ;38
"Серия ""Урожай на окне""";Томат Золотце/Сем Алт/цп 0,05 гр. УРОЖАЙ НА ОКНЕ!;42
"Серия ""Урожай на окне""";Томат Комнатный Сибиряк/Сем Алт/цп 0,05 гр. УРОЖАЙ НА ОКНЕ!;42
"Серия ""Аптекарский огород""";Зелень Алтей Лекарственный/Сем Алт/цп 0,1 гр. АПТЕКАРСКИЙ ОГОРОД!;30
"Серия ""Аптекарский огород""";Зелень Валериана Кардиола лекарственная/Сем Алт/цп 0,1 гр.  АПТЕКАРСКИЙ ОГОРОД!;45
"Серия ""Аптекарский огород""";Зелень Девясил Много Сил/Сем Алт/цп 0,05 гр. АПТЕКАРСКИЙ ОГОРОД!;38
"Серия ""Аптекарский огород""";Зелень Душица Обыкновенная/Сем Алт/цп 0,05 гр. АПТЕКАРСКИЙ ОГОРОД!;38
"Серия ""Аптекарский огород""";Зелень Зверобой Оптимист/Сем Алт/цп 0,1 гр. АПТЕКАРСКИЙ ОГОРОД!;38
"Серия ""Аптекарский огород""";Зелень Змееголовник Горыныч/Сем Алт/цп 0,3 гр. АПТЕКАРСКИЙ ОГОРОД!;38
"Серия ""Аптекарский огород""";Зелень Иссоп Знахарь лекарственный/Сем Алт/цп 0,2 гр. АПТЕКАРСКИЙ ОГОРОД!;36
"Серия ""Аптекарский огород""";Зелень Лофант Анисовый/Сем Алт/цп 0,05 гр. АПТЕКАРСКИЙ ОГОРОД!;34
"Серия ""Аптекарский огород""";Зелень Мелисса Лимонный Аромат/Сем Алт/цп 0,1 гр. АПТЕКАРСКИЙ ОГОРОД!;30
"Серия ""Аптекарский огород""";Зелень Мелисса Свежесть лекарственная/Сем Алт/цп 0,1 гр.;38
"Серия ""Аптекарский огород""";Зелень Мята Перечная Пепперминт/Сем Алт/цп 0,05 гр.АПТЕКАРСКИЙ ОГОРОД!;38
"Серия ""Аптекарский огород""";Зелень Мята Спирминт/Сем Алт/цп 0,05  гр.;44
"Серия ""Аптекарский огород""";Зелень Пажитник сенной Шамбала/Сем Алт/цп 1 гр. АПТЕКАРСКИЙ ОГОРОД!;38
"Серия ""Аптекарский огород""";Зелень Пустырник Сердечный/Сем Алт/цп 0,1 гр. АПТЕКАРСКИЙ ОГОРОД!;38
"Серия ""Аптекарский огород""";Зелень Расторопша пятнистая Здравница/Сем Алт/цп 1 гр. АПТЕКАРСКИЙ ОГОРОД!;35
"Серия ""Аптекарский огород""";Зелень Репешок обыкновенный/Сем Алт/цп 0,1 гр. АПТЕКАРСКИЙ ОГОРОД!;34
"Серия ""Аптекарский огород""";Зелень Ромашка Аптечная Айболит/Сем Алт/цп 0,2 гр. АПТЕКАРСКИЙ ОГОРОД!;32
"Серия ""Аптекарский огород""";Зелень Рута Кружевница/Сем Алт/цп 0,1 гр. АПТЕКАРСКИЙ ОГОРОД!;32
"Серия ""Аптекарский огород""";Зелень Стевия Медовая Трава/Сем Алт/цп 5 шт. АПТЕКАРСКИЙ ОГОРОД!;75
"Серия ""Аптекарский огород""";Зелень Тимьян Медок/Сем Алт/цп 0,2 гр. АПТЕКАРСКИЙ ОГОРОД!;42
"Серия ""Аптекарский огород""";Зелень Чернокорень Лекарственный/Сем Алт/цп 0,1 гр. АПТЕКАРСКИЙ ОГОРОД!;38
Аспарагус;Цветы Аспарагус Шпренггера/Сем Алт/цп 5 шт.;185
Бальзамин;Цветы Бальзамин Афина F1 Оранжевая вспышка/Сем Алт/цп 3 шт.;125
Бальзамин;Цветы Бальзамин Афина Красный букет/Сем Алт/цп 5 шт.;155
Бальзамин;Цветы Бальзамин Афина Пурпурный букет/Сем Алт/цп 5 шт.;155
Бальзамин;Цветы Бальзамин Беленс F1 Вайт/Сем Алт/цп 4 шт.;75
Бальзамин;Цветы Бальзамин Беленс F1 Вайт/Сем Алт/цп 5 шт.;85
Бальзамин;Цветы Бальзамин Беленс F1 Виолет/Сем Алт/цп 4 шт.;85
Бальзамин;Цветы Бальзамин Беленс F1 Красная звезда/Сем Алт/цп 4 шт.;85
Бальзамин;Цветы Бальзамин Беленс F1 Роуз пикоти/Сем Алт/цп 4 шт.;85
Бальзамин;Цветы Бальзамин Беленс F1 Фиолетовая звезда/Сем Алт/цп 4 шт.;85
Бальзамин;Цветы Бальзамин Беленс Красная звезда/Сем Алт/цп 5 шт. ГОЛЛАНДИЯ;86
Бальзамин;Цветы Бальзамин Беленс Ред/Сем Алт/цп 5 шт. Голландия НОВИНКА;90
Бальзамин;Цветы Бальзамин Беленс Роуз пикоти/Сем Алт/цп 5 шт. Голландия НОВИНКА;86
Бальзамин;Цветы Бальзамин Беленс Фиолетовая звезда/Сем Алт/цп 5 шт. ГОЛЛАНДИЯ;92
Бальзамин;Цветы Бальзамин Бикон F1 Белый/Сем Алт/цп 5 шт. Ампельные Шедевры НОВИНКА;75
Бальзамин;Цветы Бальзамин Бикон F1 Оранжевый/Сем Алт/цп 5 шт. Ампельные Шедевры НОВИНКА;75
Бальзамин;Цветы Бальзамин Бикон F1 Фиолетовый/Сем Алт/цп 5 шт. Ампельные Шедевры НОВИНКА;75
Бегония;Цветы Бегония Биг Делюкс F1 Вайт грин/Сем Алт/цп 3 шт. НОВИНКА;175
Бегония;Цветы Бегония Биг Делюкс F1 Ред бронз/Сем Алт/цп 3 шт. НОВИНКА;175
Бегония;Цветы Бегония Коктейль F1 Водка вечноцветущая/Сем Алт/цп 5 шт. НОВИНКА;70
Бегония;Цветы Бегония Коктейль F1 Ром вечноцветущая/Сем Алт/цп 5 шт. НОВИНКА;70
Бегония;Цветы Бегония Коктейль F1 Текила вечноцветущая/Сем Алт/цп 5 шт. НОВИНКА;70
Бегония;Цветы Бегония Копакабана F1 Красная боливийская/Сем Алт/цп 4 шт. Ампельные шедевры;95
Бегония;Цветы Бегония Нонстоп F1 Файер клубневая/Сем Алт/цп 4 шт. НОВИНКА;105
Бегония;Цветы Бегония Нонстоп Мокка F1 Дип Оранж клубневая/Сем Алт/цп 4 шт. НОВИНКА;95
Бегония;Цветы Бегония Нонстоп Мокка F1 Еллоу клубневая/Сем Алт/цп 4 шт. НОВИНКА;105
Бегония;Цветы Бегония Нонстоп Мокка F1 Пинк шейдс клубневая/Сем Алт/цп 4 шт. НОВИНКА;105
Бегония;Цветы Бегония Фея F1 Светло-розовая вечноцветущая/Сем Алт/цп 5 шт. НОВИНКА;65
Бегония;Цветы Бегония Фортун F1 Вайт виз Роуз Бэк клубневая/Сем Алт/цп 4 шт.;105
Бегония;Цветы Бегония Фортун F1 Дип Ред клубневая/Сем Алт/цп 4 шт.;105
Бегония;Цветы Бегония Фортун F1 Пинк клубневая/Сем Алт/цп 4 шт. НОВИНКА;105
Бегония;Цветы Бегония Фортун F1 Пич шейдс клубневая/Сем Алт/цп 4 шт.;105
Бегония;Цветы Бегония Фортун F1 Смесь окрасок клубневая/Сем Алт/цп 4 шт.;105
Бегония;Цветы Бегония Шансон F1 Розово-белая ампельная клубневая /Сем Алт/цп 5 шт. Ампельные шедевры;68
Бегония;Цветы Бегония Шансон F1 Смесь ампельная клубневая/Сем Алт/цп 5 шт. Ампельные шедевры;68
Бегония;Цветы Бегония Шансон Оранжево - желтая ампельная клубневая/Сем Алт/цп 5 шт. Ампельные шедевры;68
Гербера,Перикаллис;Цветы Гербера Джеймсона Смесь/Сем Алт/цп 0,03 г;85
Гибискус;Цветы Гибискус Медовый месяц Смесь/Сем Алт/цп 3 шт;272
Гибискус;Цветы Гибискус Хонеймун F1 Смесь/Сем Алт/цп 3 шт;235
Гипоэстес;Цветы Гипоэстес Сплеш селект Вайт/Сем Алт/цп 5 шт. многолетник НОВИНКА;78
Гипоэстес;Цветы Гипоэстес Сплеш селект Роуз/Сем Алт/цп 5 шт. многолетник НОВИНКА;78
Глоксиния;Цветы Глоксиния Аванти F1 Белая/Сем Алт/цп 8 шт.;120
Глоксиния;Цветы Глоксиния Аванти F1 Красная с белым краем/Сем Алт/цп 8 шт.;144
Глоксиния;Цветы Глоксиния Аванти F1 Персиково-розовая/Сем Алт/цп 8 шт.;144
Глоксиния;Цветы Глоксиния Аванти F1 Синяя с белым краем/Сем Алт/цп 8 шт.;134
Глоксиния;Цветы Глоксиния Аванти F1 Скарлет/Сем Алт/цп 8 шт.;144
Глоксиния;Цветы Глоксиния Аванти F1 Смесь/Сем Алт/цп 5 шт.;135
Глоксиния;Цветы Глоксиния Аванти Смесь F1/Сем Алт/цп 8 шт.;140
Глоксиния;Цветы Глоксиния Брокада F1 Синяя/Сем Алт/цп 5 шт.;110
Глоксиния;Цветы Глоксиния Брокада F1 Смесь/Сем Алт/цп 5 шт.;115
Глоксиния;Цветы Глоксиния Брокада Красная F1/Сем Алт/цп 8 шт.;135
Глоксиния;Цветы Глоксиния Брокада Красная с белым краем/СемАлт/цп 8 шт.;144
Глоксиния;Цветы Глоксиния Брокада Синяя F1/Сем Алт/цп 8 шт.;135
Глоксиния;Цветы Глоксиния Брокада Синяя с белым краем/Сем Алт/цп 8 шт.;144
Глоксиния;Цветы Глоксиния МультиБеллс Вишневый колокольчик F1/Сем Алт/цп 5 шт.;155
Кальцеолярия;Цветы Кальцеолярия Гибридная F1 Красная/Сем Алт/цп 3 шт.;110
Кальцеолярия;Цветы Кальцеолярия Дэинти F1 Черевички желтые/Сем Алт/цп 3 шт.;110
Кальцеолярия;Цветы Кальцеолярия Дэинти F1 Черевички красные/Сем Алт/цп 3 шт.;110
Кальцеолярия;Цветы Кальцеолярия Дэинти F1 Черевички смесь/Сем Алт/цп 3 шт.;110
Кальцеолярия;Цветы Кальцеолярия Красная гибридная/Сем Алт/цп 5 шт.;135
Колеус;Цветы Колеус Блюме Радуга смесь/Сем Алт/цп 0,01 гр.;37
Колеус;Цветы Колеус Визард Коралловый Восход/Сем Алт/цп 5 шт.;58
Колеус;Цветы Колеус Визард Красный бархат/Сем Алт/цп 5 шт.;65
Колеус;Цветы Колеус Визард Магический Нефрит/Сем Алт/цп 5 шт.;65
Колеус;Цветы Колеус Визард Мозаика/Сем Алт/цп 5 шт.;58
Колеус;Цветы Колеус Визард Скарлет/Сем Алт/цп 5 шт.;58
Колеус;Цветы Колеус Черный Дракон/Сем Алт/цп 5 шт.;58
Нолина,Фатсия;Цветы Нолина Бутылочное дерево/Сем Алт/цп 3 шт.;85
Пассифлора;Цветы Пассифлора Синяя звезда/Сем Алт/цп 5 шт.;110
Пеларгония;Цветы Пеларгония Алена F1 зональная тёмно-красная/Сем Алт/цп 3 шт. НОВИНКА;135
Пеларгония;Цветы Пеларгония Бланка F1 зональная белая/Сем Алт/цп 3 шт. НОВИНКА;135
Пеларгония;Цветы Пеларгония Власта F1 зональная красная с белым/Сем Алт/цп 3 шт. НОВИНКА;135
Пеларгония;Цветы Пеларгония Горизонт F1 Дип Ред зональная/Сем Алт/цп 4 шт.;225
Пеларгония;Цветы Пеларгония Горизонт F1 Пьюр Вайт зональная/Сем Алт/цп 3 шт.;225
Пеларгония;Цветы Пеларгония Горизонт Виолет зональная/Сем Алт/цп 4 шт.;195
Пеларгония;Цветы Пеларгония Горизонт Пьюр Вайт зональная/Сем Алт/цп 4 шт.;205
Пеларгония;Цветы Пеларгония Дансер F2 Вайт зональная/Сем Алт/цп 3 шт.;135
Пеларгония;Цветы Пеларгония Дансер F2 Вайт зональная/Сем Алт/цп 4 шт.;135
Пеларгония;Цветы Пеларгония Дансер F2 Дип Роуз зональная/Сем Алт/цп 3 шт.;115
Пеларгония;Цветы Пеларгония Дансер F2 Ред зональная/Сем Алт/цп 3 шт.;145
Пеларгония;Цветы Пеларгония Дансер F2 Ред зональная/Сем Алт/цп 4 шт.;145
Пеларгония;Цветы Пеларгония Дансер F2 Салмон зональная/Сем Алт/цп 3 шт.;145
Пеларгония;Цветы Пеларгония Дансер F2 Салмон зональная/Сем Алт/цп 4 шт.;145
Пеларгония;Цветы Пеларгония Дивас F1 Пикоти Ред зональная/Сем Алт/цп 3 шт.;225
Пеларгония;Цветы Пеларгония Дивас F1 Распберри Риппл зональная/Сем Алт/цп 3 шт.;215
Пеларгония;Цветы Пеларгония Ева F1 зональная красно-фиолетовая/Сем Алт/цп 3 шт. НОВИНКА;135
Пеларгония;Цветы Пеларгония Луция F1 зональная оранжевая/Сем Алт/цп 3 шт. НОВИНКА;135
Пеларгония;Цветы Пеларгония Нано F1 Белая/Сем Алт/цп 3 шт.;235
Пеларгония;Цветы Пеларгония Нано F1 Розовая/Сем Алт/цп 3 шт.;235
Пеларгония;Цветы Пеларгония Нано F1 Скарлет/Сем Алт/цп 3 шт.;235
Пеларгония;Цветы Пеларгония Нано F1 Смесь/Сем Алт/цп 3 шт.;235
Пеларгония;Цветы Пеларгония Рич Аут F1 Лайт Парпл плющелистная/Сем Алт/цп 3 шт. Ампельные шедевры НОВИНКА;355
Пеларгония;Цветы Пеларгония Рич Аут F1 Ред плющелистная/Сем Алт/цп 3 шт. Ампельные шедевры НОВИНКА;355
Примула;Цветы Примула Крупноцветковая смесь/Сем Алт/цп 0,02 гр. многолетник;85
Торения;Цветы Торения Каваи Блю Вайт/Сем Алт/цп 5 шт.;95
Торения;Цветы Торения Каваи Бургунди/Сем Алт/цп 5 шт.;95
Торения;Цветы Торения Каваи Воздушный поцелуй смесь/Сем Алт/цп 5 шт;95
Торения;Цветы Торения Каваи Лемон Дроп/Сем Алт/цп 5 шт.;95
Цикламен;Цветы Цикламен Аполлон махровый/Сем Алт/цп 3 шт.;95
Цикламен;Цветы Цикламен Бригитта мини /Сем Алт/цп 3 шт.;95
Цикламен;Цветы Цикламен Габи мини/Сем Алт/цп 3 шт.;108
Цикламен;Цветы Цикламен Гильда мини /Сем Алт/цп 3 шт.;98
Цикламен;Цветы Цикламен Орфеус махровый/Сем Алт/цп 3 шт.;95
Цикламен;Цветы Цикламен Розмари мини/Сем Алт/цп 3 шт. НОВИНКА;95
Эустома;Цветы Эустома ABC F1 Блю Рим махровая/Сем Алт/цп 5 шт.;95
Эустома;Цветы Эустома ABC F1 Грин махровая/Сем Алт/цп 5 шт.;95
Эустома;Цветы Эустома ABC F1 Желтая махровая/Сем Алт/цп 5 шт.;95
Эустома;Цветы Эустома ABC F1 Мисти Пинк махровая/Сем Алт/цп 5 шт.;95
Эустома;Цветы Эустома ABC F1 Пурпурная махровая/Сем Алт/цп 5 шт.;95
Эустома;Цветы Эустома ABC F1 Розовая махровая/Сем Алт/цп 5 шт.;95
Эустома;Цветы Эустома Мариачи F1 Карминная/Сем Алт/цп 3 шт.;135
Эустома;Цветы Эустома Мариачи F1 Лайм Грин/Сем Алт/цп 5 шт.;135
Эустома;Цветы Эустома Мариачи F1 Мисти Блю/Сем Алт/цп 3 шт.;135
Эустома;Цветы Эустома Мариачи F1 Мисти Блю/Сем Алт/цп 5 шт.;135
Эустома;Цветы Эустома Мариачи F1 Мисти Пинк/Сем Алт/цп 5 шт.;125
Эустома;Цветы Эустома Мариачи F1 Пикоти Розовая/Сем Алт/цп 3 шт.;135
Эустома;Цветы Эустома Мариачи F1 Пикоти Розовая/Сем Алт/цп 5 шт.;135
Эустома;Цветы Эустома Мариачи F1 Розовая/Сем Алт/цп 5 шт. НОВИНКА;135
Эустома;Цветы Эустома Мариачи F1 Синяя/Сем Алт/цп 5 шт.;135
Эустома;Цветы Эустома Сапфир F1 Белая /Сем Алт/цп 5 шт. низкорослая;95
Эустома;Цветы Эустома Сапфир F1 Блю Чип/Сем Алт/цп 5 шт. низкорослая;95
Эустома;Цветы Эустома Сапфир F1 Блю/Сем Алт/цп 5 шт. низкорослая НОВИНКА;95
Эустома;Цветы Эустома Сапфир F1 Пинк Рим/Сем Алт/цп 5 шт. низкорослая;98
Эустома;Цветы Эустома Флорида F1 Блю/Сем Алт/цп 5 шт. низкорослая НОВИНКА;115
Аквилегия;Цветы Аквилегия Маккана Гигант/Сем Алт/цп 0,1 гр. многолетник;45
Аквилегия;Цветы Аквилегия Махровые Гиганты Смесь/Сем Алт/цп 0,05 гр. многолетник;55
Аквилегия;Цветы Аквилегия Махровые Гиганты Смесь/Сем Алт/цп 0,1 гр. многолетник;68
Алиссум (многолетник);Цветы Алиссум Золотая Россыпь/Сем Алт/цп 0,05 гр. многолетник Ароматы ночи;39
Алиссум (многолетник);Цветы Алиссум Золотой Ковер/Сем Алт/цп 0,05 гр. многолетник Альпийская горка;39
Алиссум (многолетник);Цветы Алиссум Золотой Ковер/Сем Алт/цп 0,1 гр. многолетник Альпийская горка;38
Виола,Анютины глазки,фиалка;Цветы Виола Бамбини/Сем Алт/цп 0,1 гр. Альпийская горка;45
Виола,Анютины глазки,фиалка;Цветы Виола Вельвет смесь/Сем Алт/цп 0,05 гр.;48
Виола,Анютины глазки,фиалка;Цветы Виола Вельвет смесь/Сем Алт/цп 0,1 гр.;45
Виола,Анютины глазки,фиалка;Цветы Виола Карнавал смесь/Сем Алт/цп 0,05 гр. Ваш яркий балкон;39
Виола,Анютины глазки,фиалка;Цветы Виола Красная Вишня/Сем Алт/цп 0,05 гр. Ваш яркий балкон;41
Виола,Анютины глазки,фиалка;Цветы Виола Красная Шапочка/Сем Алт/цп 0,1 гр.;46
Виола,Анютины глазки,фиалка;Цветы Виола Красный Кардинал/Сем Алт/цп 0,1 гр.;49
Виола,Анютины глазки,фиалка;Цветы Виола Крылья Бабочки/Сем Алт/цп 0,1 гр. Ваш яркий балкон;49
Виола,Анютины глазки,фиалка;Цветы Виола Кул Вейв F1 Бело-фиолетовая ампельная/Сем Алт/цп 3 шт. Ампельные Шедевры;185
Виола,Анютины глазки,фиалка;Цветы Виола Кул Вейв F1 Клубничный бум ампельная/Сем Алт/цп 3 шт. Ампельные Шедевры НОВИНКА;195
Виола,Анютины глазки,фиалка;Цветы Виола Кул Вейв F1 Морфо ампельная/Сем Алт/цп 3 шт. Ампельные Шедевры НОВИНКА;185
Виола,Анютины глазки,фиалка;Цветы Виола Кул Вейв F1 Пурпурная ампельная/Сем Алт/цп 3 шт. Ампельные Шедевры;185
Виола,Анютины глазки,фиалка;Цветы Виола Кэтс Плюс F1 Блю энд Еллоу/Сем Алт/цп 4 шт. НОВИНКА;85
Виола,Анютины глазки,фиалка;Цветы Виола Кэтс Плюс F1 Марина/Сем Алт/цп 4 шт. НОВИНКА;85
Виола,Анютины глазки,фиалка;Цветы Виола Кэтс Плюс F1 Парпл энд Вайт/Сем Алт/цп 4 шт. НОВИНКА;85
Виола,Анютины глазки,фиалка;Цветы Виола Лаура/Сем Алт/цп 0,1 гр. Ваш яркий балкон;48
Виола,Анютины глазки,фиалка;Цветы Виола Махровые узоры F1 Бургунди/Сем Алт/цп 5 шт.;95
Виола,Анютины глазки,фиалка;Цветы Виола Махровые узоры F1 Малиновая/Сем Алт/цп 5 шт.;96
Виола,Анютины глазки,фиалка;Цветы Виола Махровые узоры F1 Синяя/Сем Алт/цп 5 шт.;95
Виола,Анютины глазки,фиалка;Цветы Виола Махровые узоры Смесь F1/Сем Алт/цп 5 шт.;92
Виола,Анютины глазки,фиалка;Цветы Виола Махровые узоры Трехцветная F1/Сем Алт/цп 5 шт.;92
Виола,Анютины глазки,фиалка;Цветы Виола Пауэр F1 Ягодное чудо/Сем Алт/цп 5 шт. Низкорослые гиганты;92
Виола,Анютины глазки,фиалка;Цветы Виола Пауэр Пламя F1/Сем Алт/цп 5 шт. Низкорослые гиганты;106
Виола,Анютины глазки,фиалка;Цветы Виола Прыгающий Джонни/Сем Алт/цп 0,1 гр.;48
Виола,Анютины глазки,фиалка;Цветы Виола Рейнголд/Сем Алт/цп 0,1 гр.;55
Виола,Анютины глазки,фиалка;Цветы Виола Рококо Смесь/Сем Алт/цп 0,1 гр. Ваш яркий балкон;48
Виола,Анютины глазки,фиалка;Цветы Виола Ромео и Джульетта/Сем Алт/цп 0,05 гр.;48
Виола,Анютины глазки,фиалка;Цветы Виола Ромео и Джульетта/Сем Алт/цп 0,1 гр.;48
Виола,Анютины глазки,фиалка;Цветы Виола Смесь Окрасок/Сем Алт/цп 0,1 гр. Ваш яркий балкон;52
Виола,Анютины глазки,фиалка;Цветы Виола Тайгер Ай F1 Смесь/Сем Алт/цп 5 шт. НОВИНКА;88
Виола,Анютины глазки,фиалка;Цветы Виола Ульсвотер/Сем Алт/цп 0,1 гр.;58
Виола,Анютины глазки,фиалка;Цветы Виола Фламенко F1 Вайлет/Сем Алт/цп 5 шт. НОВИНКА;118
Виола,Анютины глазки,фиалка;Цветы Виола Черный король/Сем Алт/цп 0,05 гр.;44
Виола,Анютины глазки,фиалка;Цветы Виола Швейцарские Гиганты/Сем Алт/цп 0,1 гр.;45
Виола,Анютины глазки,фиалка;Цветы Виола Шторм/Сем Алт/цп 0,1 гр.;58
Гвоздика (многолетник);Цветы Гвоздика гренадин Леди в белом/Сем Алт/цп 0,05 гр. двулетник;38
Гвоздика (многолетник);Цветы Гвоздика гренадин Леди в желтом/Сем Алт/цп 0,05 гр. двулетник;42
Гвоздика (многолетник);Цветы Гвоздика гренадин Леди в черном/Сем Алт/цп 0,05 гр. двулетник;42
Гвоздика (многолетник);Цветы Гвоздика Гренадин Смесь/Сем Алт/цп 0,1 гр. двулетник;42
Гвоздика (многолетник);Цветы Гвоздика Княжна турецкая/Сем Алт/цп 0,2 гр. двулетник;38
Гвоздика (многолетник);Цветы Гвоздика Перистая Смесь окрасок/Сем Алт/цп 0,1 гр. многолетник;39
Гвоздика (многолетник);Цветы Гвоздика смесь окрасок Пышная/Сем Алт/цп 0,1 гр. многолетник;32
Гвоздика (многолетник);Цветы Гвоздика травянка Белый Снег/Сем Алт/цп 0,05 гр. многолетник Альпийская горка;37
Гвоздика (многолетник);Цветы Гвоздика травянка Ночной Костер/Сем Алт/цп 0,05 гр. многолетник. Альпийская горка;37
Гвоздика (многолетник);Цветы Гвоздика травянка Цветущий Миндаль/Сем Алт/цп 0,05 гр. многолетник. Альпийская горка;36
Гвоздика (многолетник);Цветы Гвоздика турецкая Алая красавица/Сем Алт/цп 0,2 гр. двулетник;38
Гвоздика (многолетник);Цветы Гвоздика турецкая Белая Королева/Сем Алт/цп 0,1 гр. двулетник;37
Гвоздика (многолетник);Цветы Гвоздика турецкая Индийский Ковер/Сем Алт/цп 0,2 гр. двулетник;34
Гвоздика (многолетник);Цветы Гвоздика турецкая Нигриканс/Сем Алт/цп 0,05 гр. двулетник;38
Гвоздика (многолетник);Цветы Гвоздика турецкая Пиноккио/Сем Алт/цп 0,1 гр. двулетник;37
Гвоздика (многолетник);Цветы Гвоздика Турецкая Смесь окрасок/Сем Алт/цп 0,1 гр. двулетник;30
Гвоздика (многолетник);Цветы Гвоздика турецкая Супер Дуплекс/Сем Алт/цп 0,1 гр. двулетник;30
Гвоздика (многолетник);Цветы Гвоздика турецкая Фиолетовая гора/Сем Алт/цп 0,1 гр. двулетник;32
Дельфиниум;Цветы Дельфиниум Алый Шпиль/Сем Алт/цп 0,1 гр. многолетник;38
Дельфиниум;Цветы Дельфиниум Баттерфляй смесь/Сем Алт/цп 0,1 гр. многолетник;39
Дельфиниум;Цветы Дельфиниум Галахад/Сем Алт/цп 0,1 гр. многолетник;64
Дельфиниум;Цветы Дельфиниум Гигант смесь/Сем Алт/цп 0,1 гр. однолетник;30
Дельфиниум;Цветы Дельфиниум Голубая Бабочка карликовый/Сем Алт/цп 0,05 гр. многолетник;48
Дельфиниум;Цветы Дельфиниум Джиневер культурный/Сем Алт/цп 0,05 гр. многолетник;46
Дельфиниум;Цветы Дельфиниум Розовая бабочка карликовый/Сем Алт/цп 0,05 гр. многолетник;42
Дельфиниум;Цветы Дельфиниум Розовая бабочка карликовый/Сем Алт/цп 0,1 гр. многолетник;46
Колокольчик;Цветы Колокольчик средний Белый Фарфор/Сем Алт/цп 0,1 гр. двулетник;34
Колокольчик;Цветы Колокольчик средний Голубая Лагуна/Сем Алт/цп 0,1 гр. двулетник;34
Колокольчик;Цветы Колокольчик средний Махровая смесь/Сем Алт/цп 0,1 гр. двулетник;34
Колокольчик;Цветы Колокольчик средний Розовый Фарфор/Сем Алт/цп 0,1 гр. двулетник;34
Колокольчик;Цветы Колокольчик Чашка с Блюдцем/Сем Алт/цп 0,1 гр. двулетник;38
Колокольчик;Цветы Колокольчик Эппил F1 средний Белый/Сем Алт/цп 3 шт. НОВИНКА;182
Колокольчик;Цветы Колокольчик Эппил F1 средний Розовый/Сем Алт/цп 3 шт. НОВИНКА;182
Колокольчик;Цветы Колокольчик Эппил F1 средний Темно-синий/Сем Алт/цп 3 шт. НОВИНКА;182
Лаванда;Зелень Лаванда Нежность/Сем Алт/цп 0,1 гр. АПТЕКАРСКИЙ ОГОРОД!;38
Лаванда;Цветы Лаванда Пурпурный колос английская/Сем Алт/цп 5 шт. многолетник;108
Лаванда;Цветы Лаванда Синее копье узколистная/Сем Алт/цп 5 шт. многолетник НОВИНКА;115
Люпин;Цветы Люпин Белый аист/Сем Алт/цп 0,3 гр. многолетник;44
Люпин;Цветы Люпин Говернер/Сем Алт/цп 0,3 гр. многолетник;42
Люпин;Цветы Люпин Канделябр/Сем Алт/цп 0,3 гр. многолетник;44
Люпин;Цветы Люпин Красный замок многолистный/Сем Алт/цп 0,3 гр. многолетник;44
Люпин;Цветы Люпин Минарет/Сем Алт/цп 0,3 гр. многолетник;39
Люпин;Цветы Люпин Фейерверк/Сем Алт/цп 0,3 гр. многолетник;37
Люпин;Цветы Люпин Чателайн/Сем Алт/цп 0,3 гр. многолетник;45
Маргаритка;Цветы Маргаритка Красная Пуговка помпонная/Сем Алт/цп 0,02 гр. Ваш яркий балкон;42
Маргаритка;Цветы Маргаритка Красный шар/Сем Алт/цп 0,05 гр. Ваш яркий балкон;55
Маргаритка;Цветы Маргаритка Мария/Сем Алт/цп 0,05 гр. Ваш яркий балкон;48
Маргаритка;Цветы Маргаритка Помпонная смесь/Сем Алт/цп 0,02 гр. (2028 / 3340);48
Маргаритка;Цветы Маргаритка Помпонная смесь/Сем Алт/цп 0,05 гр.;48
Маргаритка;Цветы Маргаритка Смесь Окрасок/Сем Алт/цп 0,02 гр.;39
Маргаритка;Цветы Маргаритка Смесь Окрасок/Сем Алт/цп 0,05 гр.;39
Маргаритка;Цветы Маргаритка Хабанера F1 Вайт виз Ред многолетняя/Сем Алт/цп 5 шт. НОВИНКА;69
Маргаритка;Цветы Маргаритка Хабанера F1 Вайт многолетняя/Сем Алт/цп 5 шт. НОВИНКА;69
Монарда (садовый бергамот);Цветы Монарда Диана лимонная/Сем Алт/цп 0,05 гр. многолетник НОВИНКА;34
Монарда (садовый бергамот);Цветы Монарда Смесь окрасок двойчатая/Сем Алт/цп 0,02 гр. многолетник НОВИНКА;75
Мята декоративная;Цветы Мята Мини минт декоративная корсиканская/Сем Алт/цп 3 шт. Ампельные шедевры НОВИНКА;115
Наперстянка;Цветы Наперстянка Смесь окрасок/Сем Алт/цп 0,1 гр.;39
Незабудка;Цветы Незабудка альпийская Розовая/Сем Алт/цп 0,1 гр. двулетник Альпийская горка;34
Незабудка;Цветы Незабудка Белая альпийская/Сем Алт/цп 0,1 гр. двулетник Альпийская горка;34
Незабудка;Цветы Незабудка Голубая альпийская/Сем Алт/цп 0,1 гр. двулетник Альпийская горка;34
Незабудка;Цветы Незабудка Смесь Окрасок альпийская/Сем Алт/цп 0,1 гр. двулетник Альпийская горка;34
Нивяник, Ромашка;Цветы Нивяник Аляска/Сем Алт/цп 0,1 гр. многолетник;37
Нивяник, Ромашка;Цветы Нивяник Крейзи Дейзи/Сем Алт/цп 0,02 гр. многолетник;39
Нивяник, Ромашка;Цветы Нивяник Серебряная Принцесса/Сем Алт/цп 0,05 гр. многолетник;35
Нивяник, Ромашка;Цветы Нивяник Серебряная Принцесса/Сем Алт/цп 0,1 гр. многолетник;32
Обриета;Цветы Обриета Голубой каскад/Сем Алт/цп 0,03 гр. многолетник Альпийская горка;58
Обриета;Цветы Обриета Голубой каскад/Сем Алт/цп 0,05 гр. многолетник Альпийская горка НОВИНКА;78
Обриета;Цветы Обриета Красный каскад/Сем Алт/цп 0,03 гр. многолетник Альпийская горка;58
Обриета;Цветы Обриета Красный каскад/Сем Алт/цп 0,05 гр. многолетник Альпийская горка;80
Обриета;Цветы Обриета Пурпурный каскад/Сем Алт/цп 0,05 гр. многолетник Альпийская горка;80
Обриета;Цветы Обриета смесь гибридная/Сем Алт/цп 0,03 гр. многолетник Альпийская горка;42
Примула (многолетник);Цветы Примула Аккорд Блю шейдс/Сем Алт/цп 5 шт двулетник;75
Примула (многолетник);Цветы Примула Аккорд Вайт/Сем Алт/цп 5 шт двулетник;75
Примула (многолетник);Цветы Примула Аккорд Скарлет/Сем Алт/цп 5 шт двулетник;82
Примула (многолетник);Цветы Примула Белиссимо F1 Тагетес/Сем Алт/цп 5 шт. многолетник;135
Тысячелистник, Ахиллея;Цветы Тысячелистник Белый жемчуг/Сем Алт/цп 0,05 гр. многолетник;39
Тысячелистник, Ахиллея;Цветы Тысячелистник Белый жемчуг/Сем Алт/цп 0,1 гр. многолетник;44
Хризантема (многолетник);Цветы Хризантема Радуга килеватая/Сем Алт/цп 0,1 гр.;38
Хризантема (многолетник);Цветы Хризантема Снежный шар пиретрум/Сем Алт/цп 0,01 гр.;30
Цветочные смеси многолетников;Цветы Смесь Ленивица многолетняя низкая/Сем Алт/цп 0,3 гр. многолетник;48
Цветочные смеси многолетников;Цветы Смесь Память сердца многолетняя теневыносливая/Сем Алт/цп 0,5 гр. многолетник;65
Цветы разные (многолетние);Цветы Арабис Белый Альпийский/Сем Алт/цп 0,1 гр. многолетник Альпийская горка;42
Цветы разные (многолетние);Цветы Арабис Розовый грандифлора/Сем Алт/цп 0,05 гр. многолетник Альпийская горка НОВИНКА;41
Цветы разные (многолетние);Цветы Армерия Блестящая роза приморская/Сем Алт/цп 0,03 гр. многолетник Альпийская горка;40
Цветы разные (многолетние);Цветы Астильба Арендса Шоу Стар/Сем Алт/цп 3 шт. НОВИНКА;105
Цветы разные (многолетние);Цветы Вероника Голубая колосистая/Сем Алт/цп 0,05 гр. НОВИНКА;34
Цветы разные (многолетние);Цветы Вечерница Матроны Белая/Сем Алт/цп 0,2 гр. двулетник Ароматы ночи;37
Цветы разные (многолетние);Цветы Вечерница Матроны Белая/Сем Алт/цп 0,3 гр. двулетник Ароматы ночи НОВИНКА;32
Цветы разные (многолетние);Цветы Вечерница Матроны Малиновая/Сем Алт/цп 0,2 гр. двулетник Ароматы ночи;38
Цветы разные (многолетние);Цветы Гайлардия Мексика/Сем Алт/цп 0,1 гр. многолетник;34
Цветы разные (многолетние);Цветы Гайлардия Мексика/Сем Алт/цп 0,2 гр. многолетник;36
Цветы разные (многолетние);Цветы Гайлардия Меса Биколор Брайт/Сем Алт/цп 3 шт. многолетник НОВИНКА;110
Цветы разные (многолетние);Цветы Гайлардия Меса Сан/Сем Алт/цп 3 шт. многолетник НОВИНКА;85
Цветы разные (многолетние);Цветы Гейхера Тающий огонь/Сем Алт/цп 5 шт. НОВИНКА;85
Цветы разные (многолетние);Цветы Гелиотроп Марина/Сем Алт/цп 0,02 гр. Ваш яркий балкон;58
Цветы разные (многолетние);Цветы Гипсофила Изящная Смесь/Сем Алт/цп 0,2 гр.;38
Цветы разные (многолетние);Цветы Гравилат чилийский Садовый Лидер/Сем Алт/цп 0,1 гр. многолетник Альпийская горка;42
Цветы разные (многолетние);Цветы Дихондра Изумрудный Водопад/Сем Алт/цп 3 шт. Ампельные шедевры;195
Цветы разные (многолетние);Цветы Изотома Джемини Блю/Сем Алт/цп 3 шт. многолетник НОВИНКА;110
Цветы разные (многолетние);Цветы Камнеломка Пурпурный ковер Арендса/Сем Алт/цп 0,01 гр. многолетник Альпийская горка;58
Цветы разные (многолетние);Цветы Лиатрис Пикадор/Сем Алт/цп 0,1 гр. многолетник;38
Цветы разные (многолетние);Цветы Мимоза Стыдливая/Сем Алт/цп 0,1 гр.;38
Цветы разные (многолетние);Цветы Седум Малиновый/Сем Алт/цп 0,01гр. многолетник Альпийская горка;65
Цветы разные (многолетние);Цветы Экзакум Принцесса Вайт/Сем Алт/цп 3 шт. НОВИНКА;125
Цветы разные (многолетние);Цветы Экзакум Принцесса Дип блю/Сем Алт/цп 3 шт. НОВИНКА;125
Цветы разные (многолетние);Цветы Энотера Желтая долина миссурийская/Сем Алт/цп 0,15 г. многолетник Ароматы ночи;48
Цветы разные (многолетние);Цветы Энотера ламарка Королева ночи/Сем Алт/цп 0,1 г. двулетник Ароматы ночи (2029 / 41957);39
Цветы разные (многолетние);Цветы Энотера ламарка Королева ночи/Сем Алт/цп 0,3 г. двулетник НОВИНКА;36
Цветы разные (многолетние);Цветы Эхинацея Пурпурная/Сем Алт/цп 0,2 гр. многолетник НОВИНКА;44
Цветы разные (многолетние);Цветы Ясколка Биберштейна/Сем Алт/цп 0,05 гр. многолетник;39
Шток-роза;Цветы Шток-роза Алая/Сем Алт/цп 0,1 гр.;44
Шток-роза;Цветы Шток-роза Белая/Сем Алт/цп 0,1 гр;44
Шток-роза;Цветы Шток-роза Летний карнавал смесь/Сем Алт/цп 0,1 гр.;37
Шток-роза;Цветы Шток-роза Розовая замша/Сем Алт/цп 0,1 гр.;44
Шток-роза;Цветы Шток-роза Темно-бордовая/Сем Алт/цп 0,1 гр.;42
Шток-роза;Цветы Шток-роза Фиолетовая/Сем Алт/цп 0,1 гр.;44
Агератум;Цветы Агератум Белый шар/Сем Алт/цп 0,1 гр.;36
Агератум;Цветы Агератум Весенние Капели/Сем Алт/цп 0,1 гр.;37
Агератум;Цветы Агератум Голубая Норка/Сем Алт/цп 0,1 гр.;34
Агератум;Цветы Агератум Красный букет/Сем Алт/цп 0,05 гр.;38
Агератум;Цветы Агератум Красный букет/Сем Алт/цп 0,1 гр.;34
Агератум;Цветы Агератум Леда/Сем Алт/цп 0,1 гр.;35
Агератум;Цветы Агератум Розовый Шар/Сем Алт/цп 0,05 гр.;38
Агератум;Цветы Агератум Розовый Шар/Сем Алт/цп 0,1 гр.;36
Алиссум;Цветы Алиссум Кристалл F1 Белая Волна ампельный/Сем Алт/цп 0,01 гр. Ампельные Шедевры;98
Алиссум;Цветы Алиссум Кристалл F1 Смесь ампельный/Сем Алт/цп 0,01 гр. Ампельные Шедевры;98
Алиссум;Цветы Алиссум Кристалл F1 Фиолетовая Волна ампельный/Сем Алт/цп 0,01 гр. Ампельные Шедевры;98
Алиссум;Цветы Алиссум Магический Ковер/Сем Алт/цп 0,05 гр. Ароматы ночи;38
Алиссум;Цветы Алиссум Магический Ковер/Сем Алт/цп 0,1 гр. Ароматы ночи;32
Алиссум;Цветы Алиссум Смесь для балконов/Сем Алт/цп 0,05 гр. Ваш яркий балкон;38
Алиссум;Цветы Алиссум Смесь для балконов/Сем Алт/цп 0,2 гр. Ваш яркий балкон;42
Алиссум;Цветы Алиссум Снежный Ковер/Сем Алт/цп 0,05 гр. Ароматы ночи;38
Алиссум;Цветы Алиссум Снежный Ковер/Сем Алт/цп 0,1 гр. Ароматы ночи;39
Алиссум;Цветы Алиссум Фиолетовая Королева/Сем Алт/цп 0,05 гр. Ароматы ночи;38
Амарант;Цветы Амарант Аврора трехцветный/Сем Алт/цп 0,03 гр. НОВИНКА;37
Амарант;Цветы Амарант Осенний Фонтан/Сем Алт/цп 0,1 гр.;30
Амарант;Цветы Амарант Пигми Торч темный/Сем Алт/цп 0,2 гр.;30
Астра;Цветы Астра Абрикосовая Мечта/Сем Алт/цп 0,2 гр.;36
Астра;Цветы Астра Альпийская смесь/Сем Алт/цп 0,05 гр. многолетник Альпийская горка;38
Астра;Цветы Астра Ангора коготковая/Сем Алт/цп 0,2 гр.;36
Астра;Цветы Астра Аполлония Белая/Сем Алт/цп 0,2 гр.;39
Астра;Цветы Астра Аполлония Красная/Сем Алт/цп 0,2 гр.;34
Астра;Цветы Астра Аполлония Светло-розовая/Сем Алт/цп 0,2 гр.;34
Астра;Цветы Астра Аполлония Шамоа/Сем Алт/цп 0,2 гр.;34
Астра;Цветы Астра Баллон Красная/Сем Алт/цп 0,05 гр.;56
Астра;Цветы Астра Баллон Розовая/Сем Алт/цп 0,05 гр.;56
Астра;Цветы Астра Баллон Смесь/Сем Алт/цп 0,05 гр.;56
Астра;Цветы Астра Баллон Фиолетовая/Сем Алт/цп 0,05 гр.;56
Астра;Цветы Астра Белая Башня/Сем Алт/цп 0,2 гр.;39
Астра;Цветы Астра Белый Ковер низкорослая/Сем Алт/цп 0,1 гр.;37
Астра;Цветы Астра Белый Ковер низкорослая/Сем Алт/цп 0,2 гр.;38
Астра;Цветы Астра Болеро Смесь помпонная/Сем Алт/цп 0,2 гр.;38
Астра;Цветы Астра Букетная смесь/Сем Алт/цп 0,2 гр.;39
Астра;Цветы Астра Букетная смесь/Сем Алт/цп 0,3 гр.;38
Астра;Цветы Астра Гигантские лучи Белая/Сем Алт/цп 0,2 гр.;34
Астра;Цветы Астра Гигантские лучи Красная/Сем Алт/цп 0,2 гр.;39
Астра;Цветы Астра Гигантские лучи Синяя/Сем Алт/цп 0,2 гр.;34
Астра;Цветы Астра Голубая Луна помпонная/Сем Алт/цп 0,1 гр.;38
Астра;Цветы Астра гремлин Летний дождь смесь/Сем Алт/цп 0,2 гр.;39
Астра;Цветы Астра Дымчатый Бриллиант пионовидн./Сем Алт/цп 0,15 гр.;34
Астра;Цветы Астра Дюшес Смесь пионовидная/Сем Алт/цп 0,2 гр.;39
Астра;Цветы Астра Дюшес Смесь пионовидная/Сем Алт/цп 0,3 гр.;38
Астра;Цветы Астра Желтый Ковер низкорослая/Сем Алт/цп 0,2 гр.;39
Астра;Цветы Астра Звездная Россыпь/Сем Алт/цп 0,2 гр.;38
Астра;Цветы Астра Зимняя Вишня помпонная/Сем Алт/цп 0,2 гр.;37
Астра;Цветы Астра Игл Афродита/Сем Алт/цп 0,2 гр.;36
Астра;Цветы Астра Игл Черри/Сем Алт/цп 0,2 гр.;36
Астра;Цветы Астра Игл Эсмеральда/Сем Алт/цп 0,2 гр.;39
Астра;Цветы Астра Игольчатая Лимонная/Сем Алт/цп 0,2 гр.;39
Астра;Цветы Астра Игольчатая Лимонная/Сем Алт/цп 0,3 гр.;40
Астра;Цветы Астра Июльская Смесь окрасок/Сем Алт/цп 0,2 гр.;37
Астра;Цветы Астра Карликовая смесь окрасок/Сем Алт/цп 0,1 гр.;37
Астра;Цветы Астра Кварцевая Башня/Сем Алт/цп 0,2 гр.;38
Астра;Цветы Астра Ковер Смесь низкорослая/Сем Алт/цп 0,1 гр.;37
Астра;Цветы Астра Ковер Смесь низкорослая/Сем Алт/цп 0,2 гр.;34
Астра;Цветы Астра Коготковая смесь/Сем Алт/цп 0,2 гр.;34
Астра;Цветы Астра Королевский размер Красная/Сем Алт/цп 0,2 гр.;39
Астра;Цветы Астра Королевский размер Синяя/Сем Алт/цп 0,1 гр.;32
Астра;Цветы Астра Королевский размер Синяя/Сем Алт/цп 0,2 гр.;34
Астра;Цветы Астра Королевский размер Смесь/Сем Алт/цп 0,1 гр.;37
Астра;Цветы Астра Красная Башня пионовидная/Сем Алт/цп 0,2 гр.;38
Астра;Цветы Астра Красный ковер низкорослая/Сем Алт/цп 0,1 гр.;37
Астра;Цветы Астра Лунное сияние смесь/Сем Алт/цп 0,2 гр.;38
Астра;Цветы Астра Малышка Синяя/Сем Алт/цп 0,2 гр.;42
Астра;Цветы Астра Махровая Радуга смесь/Сем Алт/цп 0,1 гр.;30
Астра;Цветы Астра Монтесума Смесь/Сем Алт/цп 0,15 гр.;42
Астра;Цветы Астра Озорные Помпоны/Сем Алт/цп 0,3 гр.;38
Астра;Цветы Астра Пионовидная Смесь Окрасок/Сем Алт/цп 0,2 гр.;38
Астра;Цветы Астра Пионовидная Смесь Окрасок/Сем Алт/цп 0,3 гр.;38
Астра;Цветы Астра Помпонная Белая/Сем Алт/цп 0,2 гр.;38
Астра;Цветы Астра Помпонная Вишнево-Красная/Сем Алт/цп 0,2 гр.;38
Астра;Цветы Астра Помпонная Желтая/Сем Алт/цп 0,2 гр.;38
Астра;Цветы Астра Помпонная Смесь Окрасок/Сем Алт/цп 0,3 гр.;38
Астра;Цветы Астра Помпонная Темно-красная/Сем Алт/цп 0,2 гр.;34
Астра;Цветы Астра Помпонная Темно-синяя/Сем Алт/цп 0,2 гр.;39
Астра;Цветы Астра Превосходный Гасфорд помпонная/Сем Алт/цп 0,2 гр.;39
Астра;Цветы Астра Принцесса Карина/Сем Алт/цп 0,2 гр.;34
Астра;Цветы Астра Принцесса Рита/Сем Алт/цп 0,2 гр.;39
Астра;Цветы Астра Принцесса Сильвия/Сем Алт/цп 0,2 гр. карминно-красная;34
Астра;Цветы Астра Принцесса Смесь Окрасок/Сем Алт/цп 0,2 гр.;34
Астра;Цветы Астра Седая Дама Красная карликовая/Сем Алт/цп 0,05 гр.;75
Астра;Цветы Астра Седая Дама Красная карликовая/Сем Алт/цп 0,1 гр.;75
Астра;Цветы Астра Седая Дама Красная/Сем Алт/цп 0,1 гр.;39
Астра;Цветы Астра Седая Дама Розовая/Сем Алт/цп 0,1 гр.;39
Астра;Цветы Астра Седая Дама Синяя карликовая/Сем Алт/цп 0,05 гр.;55
Астра;Цветы Астра Серебряная башня/Сем Алт/цп 0,05 гр.;39
Астра;Цветы Астра Серебряная башня/Сем Алт/цп 0,2 гр.;39
Астра;Цветы Астра Синяя башня пионовидная/Сем Алт/цп 0,2 гр.;38
Астра;Цветы Астра Синяя Башня/Сем Алт/цп 0,3 гр.;38
Астра;Цветы Астра Смесь Срезочных Сортов/Сем Алт/цп 0,2 гр.;34
Астра;Цветы Астра Смесь Срезочных Сортов/Сем Алт/цп 0,3 гр.;34
Астра;Цветы Астра Сновидение пионовидная/Сем Алт/цп 0,2 гр.;34
Астра;Цветы Астра Страусово Перо Смесь окрасок/Сем Алт/цп 0,3 гр.;38
Астра;Цветы Астра Тысяча чудес белая карликовая/Сем Алт/цп 0,15 гр.;38
Астра;Цветы Астра Тысяча чудес белая карликовая/Сем Алт/цп 0,2 гр.;39
Астра;Цветы Астра Тысяча чудес карминная карликовая /Сем Алт/цп 0,15 гр.;38
Астра;Цветы Астра Тысяча чудес смесь карликовая/Сем Алт/цп 0,15 гр.;38
Астра;Цветы Астра Тысяча чудес темно-синяя карликовая/Сем Алт/цп 0,15 гр.;38
Астра;Цветы Астра Тысяча чудес темно-синяя карликовая/Сем Алт/цп 0,2 гр.;38
Астра;Цветы Астра Тысяча чудес ярко-розовая карликовая/Сем Алт/цп 0,15 гр.;38
Астра;Цветы Астра Тысяча чудес ярко-розовая карликовая/Сем Алт/цп 0,2 гр.;39
Астра;Цветы Астра Уникум Смесь/Сем Алт/цп 0,2 гр.;37
Астра;Цветы Астра Фиолетовая Башня/Сем Алт/цп 0,2 гр.;39
Астра;Цветы Астра Хай-но-мару помпонная/Сем Алт/цп 0,1 гр.;37
Астра;Цветы Астра Хай-но-мару помпонная/Сем Алт/цп 0,15 гр.;36
Астра;Цветы Астра Халк F1 китайская/Сем Алт/цп 5 шт. НОВИНКА;85
Астра;Цветы Астра Харц Смесь/Сем Алт/цп 0,3 гр.;34
Астра;Цветы Астра Художественная Белая/Сем Алт/цп 0,3 гр.;38
Астра;Цветы Астра Художественная Смесь Окрасок/Сем Алт/цп 0,2 гр.;34
Астра;Цветы Астра Школьный букет смесь/Сем Алт/цп 0,3 гр.;34
Бархатцы;Цветы Бархатцы Альбатрос/Сем Алт/цп 0,1 гр.;48
Бархатцы;Цветы Бархатцы Антигуа F1 Желтый карлик/Сем Алт/цп 5 шт. Низкорослые гиганты;135
Бархатцы;Цветы Бархатцы Антигуа F1 Золотой шар/Сем Алт/цп 5 шт. Низкорослые гиганты;135
Бархатцы;Цветы Бархатцы Антигуа F1 Оранжевый апельсин/Сем Алт/цп 5 шт. Низкорослые гиганты;135
Бархатцы;Цветы Бархатцы Апельсин прямостоячие/Сем Алт/цп 0,2 гр.;37
Бархатцы;Цветы Бархатцы Болеро махровые/Сем Алт/цп 0,2 гр.;37
Бархатцы;Цветы Бархатцы Болеро махровые/Сем Алт/цп 0,3 гр.;34
Бархатцы;Цветы Бархатцы Брокада смесь/Сем Алт/цп 0,2 гр.;39
Бархатцы;Цветы Бархатцы Веселые гномики махровые/Сем Алт/цп 0,2 гр. Ваш яркий балкон;34
Бархатцы;Цветы Бархатцы Веселые гномики махровые/Сем Алт/цп 0,3 гр. Ваш яркий балкон;34
Бархатцы;Цветы Бархатцы Веселый Клоун/Сем Алт/цп 0,3 гр.;39
Бархатцы;Цветы Бархатцы Высокорослая смесь/Сем Алт/цп 0,2 гр.;37
Бархатцы;Цветы Бархатцы Высокорослая смесь/Сем Алт/цп 0,3 гр.;37
Бархатцы;Цветы Бархатцы Гавайи/Сем Алт/цп 0,2 гр.;37
Бархатцы;Цветы Бархатцы Джипси Саншайн махровые/Сем Алт/цп 0,2 гр.;34
Бархатцы;Цветы Бархатцы Джипси Саншайн махровые/Сем Алт/цп 0,3 гр.;34
Бархатцы;Цветы Бархатцы Желтая Брокада махровые/Сем Алт/цп 0,2 гр.;38
Бархатцы;Цветы Бархатцы Желтая Брокада махровые/Сем Алт/цп 0,3 гр.;39
Бархатцы;Цветы Бархатцы Золотая Головка махровые/Сем Алт/цп 0,2 гр.;37
Бархатцы;Цветы Бархатцы Золотой Век низкорослые/Сем Алт/цп 0,1 гр.;39
Бархатцы;Цветы Бархатцы Золотой Самоцвет тонколистн./Сем Алт/цп 0,1 гр.;38
Бархатцы;Цветы Бархатцы Испанская Брокада махровые/Сем Алт/цп 0,3 гр. Ваш яркий балкон;34
Бархатцы;Цветы Бархатцы Кармен махровые/Сем Алт/цп 0,3 гр. Ваш яркий балкон;36
Бархатцы;Цветы Бархатцы Килиманджаро/Сем Алт/цп 0,05 гр.;42
Бархатцы;Цветы Бархатцы Коландо смесь низкорослая/Сем Алт/цп 0,2 гр.;42
Бархатцы;Цветы Бархатцы Коландо/Сем Алт/цп 0,3 гр.;45
Бархатцы;Цветы Бархатцы Красная Брокада махровые/Сем Алт/цп 0,2 гр.;38
Бархатцы;Цветы Бархатцы Красная Вишня/Сем Алт/цп 0,2 гр.;38
Бархатцы;Цветы Бархатцы Красный Самоцвет тонколистн./Сем Алт/цп 0,1 гр.;38
Бархатцы;Цветы Бархатцы Креста Голд махровые/Сем Алт/цп 10 шт.;90
Бархатцы;Цветы Бархатцы Креста Голд махровые/Сем Алт/цп 5 шт.;75
Бархатцы;Цветы Бархатцы Креста Спрай махровые/Сем Алт/цп 10 шт.;90
Бархатцы;Цветы Бархатцы Креста Спрай махровые/Сем Алт/цп 5 шт.;78
Бархатцы;Цветы Бархатцы Купид Золотисто-Желтые/Сем Алт/цп 0,3 гр.;44
Бархатцы;Цветы Бархатцы Лимонные Дольки махровые/Сем Алт/цп 0,2 гр.;37
Бархатцы;Цветы Бархатцы Лимонные Дольки махровые/Сем Алт/цп 0,3 гр.;36
Бархатцы;Цветы Бархатцы Лимонный принц/Сем Алт/цп 0,3 гр.;36
Бархатцы;Цветы Бархатцы Мандарин махровые/Сем Алт/цп 0,2 гр.;39
Бархатцы;Цветы Бархатцы Мандарин махровые/Сем Алт/цп 0,3 гр.;38
Бархатцы;Цветы Бархатцы Марвел F1 Желтые/Сем Алт/цп 5 шт.;98
Бархатцы;Цветы Бархатцы Марвел F1 Золотые/Сем Алт/цп 5 шт.;98
Бархатцы;Цветы Бархатцы Марвел F1 Оранжевые/Сем Алт/цп 5 шт.;98
Бархатцы;Цветы Бархатцы Марвел F1 Смесь/Сем Алт/цп 5 шт.;98
Бархатцы;Цветы Бархатцы Махровые Гиганты/Сем Алт/цп 0,2 гр.;37
Бархатцы;Цветы Бархатцы Махровые Гиганты/Сем Алт/цп 0,3 гр.;32
Бархатцы;Цветы Бархатцы Мери Хелен/Сем Алт/цп 0,3 гр.;34
Бархатцы;Цветы Бархатцы Оранжевый Принц/Сем Алт/цп 0,2 гр.;32
Бархатцы;Цветы Бархатцы Оранжевый Самоцвет тонколистн./Сем Алт/цп 0,1 гр.;38
Бархатцы;Цветы Бархатцы Отклоненные Смесь махровых сортов/Сем Алт/цп 0,3 гр.;35
Бархатцы;Цветы Бархатцы Петит Оранжевые махровые/Сем Алт/цп 0,2 гр.;39
Бархатцы;Цветы Бархатцы Петит Оранжевые махровые/Сем Алт/цп 0,3 гр.;34
Бархатцы;Цветы Бархатцы Петит Хармони махровые/Сем Алт/цп 0,3 гр.;34
Бархатцы;Цветы Бархатцы Примо Хармони карликовые/Сем Алт/цп 0,1 гр.;38
Бархатцы;Цветы Бархатцы Сиерра Желтые/Сем Алт/цп 0,2 гр.;36
Бархатцы;Цветы Бархатцы Сиерра Золотые/Сем Алт/цп 0,3 гр.;38
Бархатцы;Цветы Бархатцы Сиерра Оранжевые/Сем Алт/цп 0,3 гр.;38
Бархатцы;Цветы Бархатцы Сиерра Смесь/Сем Алт/цп 0,3 гр.;38
Бархатцы;Цветы Бархатцы Скарлет София махровые/Сем Алт/цп 0,2 гр.;39
Бархатцы;Цветы Бархатцы Солнечные Гиганты/Сем Алт/цп 0,2 гр.;37
Бархатцы;Цветы Бархатцы Солнечные Гиганты/Сем Алт/цп 0,3 гр.;32
Бархатцы;Цветы Бархатцы Солнечные Зайчики/Сем Алт/цп 0,2 гр.;32
Бархатцы;Цветы Бархатцы Тайшан F1 Желтые/Сем Алт/цп 5 шт. Низкорослые гиганты;105
Бархатцы;Цветы Бархатцы Тайшан F1 Золотые/Сем Алт/цп 5 шт. Низкорослые гиганты;105
Бархатцы;Цветы Бархатцы Тайшан F1 Оранжевые/Сем Алт/цп 5 шт. Низкорослые гиганты;105
Бархатцы;Цветы Бархатцы Тайшан F1 Смесь/Сем Алт/цп 5 шт. Низкорослые гиганты;105
Бархатцы;Цветы Бархатцы Тигровые глаза/Сем Алт/цп 0,2 гр.;37
Бархатцы;Цветы Бархатцы Тигровые глаза/Сем Алт/цп 0,3 гр.;34
Бархатцы;Цветы Бархатцы Фантастика Желтые/Сем Алт/цп 0,2 гр.;46
Бархатцы;Цветы Бархатцы Фантастика Оранжевые/Сем Алт/цп 0,2 гр.;45
Бархатцы;Цветы Бархатцы Фантастика Смесь/Сем Алт/цп 0,2 гр.;46
Бархатцы;Цветы Бархатцы Френч Дварф Клубничный флирт/Сем Алт/цп 5 шт.;78
Бархатцы;Цветы Бархатцы Френч Дварф Огненный ковер/Сем Алт/цп 5 шт.;78
Бархатцы;Цветы Бархатцы Шаловливая Мариетта/Сем Алт/цп 0,3 гр. Ваш яркий балкон;36
Василёк;Цветы Василек Блю Бол/Сем Алт/цп 0,3 гр.;38
Василёк;Цветы Василек Блю Бол/Сем Алт/цп 0,5 гр.;34
Василёк;Цветы Василек Вайт Бол/Сем Алт/цп 0,3 гр.;38
Василёк;Цветы Василек Вайт Бол/Сем Алт/цп 0,5 гр.;34
Василёк;Цветы Василек Желтый Крупноголовый/Сем Алт/цп 0,2 гр. многолетник;45
Василёк;Цветы Василек Желтый Крупноголовый/Сем Алт/цп 0,3 гр. многолетник;45
Василёк;Цветы Василек Императорская Смесь мускусный/Сем Алт/цп 0,3 гр.;34
Василёк;Цветы Василек Краски Лета смесь/Сем Алт/цп 0,3 гр.;36
Василёк;Цветы Василек Краски Лета смесь/Сем Алт/цп 0,5 гр.;37
Василёк;Цветы Василек Летние Каникулы смесь/Сем Алт/цп 0,3 гр.;35
Василёк;Цветы Василек Полька Дот/Сем Алт/цп 0,5 гр. низкорослый;37
Василёк;Цветы Василек Ред Бол/Сем Алт/цп 0,3 гр.;38
Василёк;Цветы Василек Флоренция низкорослый/Сем Алт/цп 0,2 гр.;38
Василёк;Цветы Василек Фрости Микс/Сем Алт/цп 0,2 гр.;35
Василёк;Цветы Василек Черный шар махровый/Сем Алт/цп 0,3 гр.;37
Василёк;Цветы Василек Ясная Поляна многолетний/Сем Алт/цп 0,3 гр. многолетник;78
Вербена;Цветы Вербена Идеал гибридная/Сем Алт/цп 0,05 гр.;37
Вербена;Цветы Вербена Идеал гибридная/Сем Алт/цп 0,1гр.;39
Вербена;Цветы Вербена Триумф гибридная/Сем Алт/цп 0,05 гр.;37
Вербена;Цветы Вербена Триумф гибридная/Сем Алт/цп 0,1 гр.;32
Вербена;Цветы Вербена Финесс Апекс бонарская/Сем Алт/цп 5 шт. НОВИНКА;85
Вьюнок;Цветы Вьюнок Красный флаг трехцветный/Сем Алт/цп 0,5 гр. Ваш яркий балкон;38
Вьюнок;Цветы Вьюнок Синий флаг трехцветный/Сем Алт/цп 0,5 гр. Ваш яркий балкон;38
Вьюнок;Цветы Вьюнок Смесь окрасок трехцветный/Сем Алт/цп 0,5 гр. Ваш яркий балкон;32
Гацания;Цветы Гацания Новый день F1 Белая/Сем Алт/цп 5 шт. Низкорослые гиганты;105
Гацания;Цветы Гацания Новый день F1 Красная полоса/Сем Алт/цп 5 шт. Низкорослые гиганты;105
Гацания;Цветы Гацания Новый день F1 Оттенки красного/Сем Алт/цп 5 шт. Низкорослые гиганты;105
Гацания;Цветы Гацания Новый день F1 Оттенки розового/Сем Алт/цп 5 шт. Низкорослые гиганты;105
Гацания;Цветы Гацания Новый день F1 Розовая полоса/Сем Алт/цп 5 шт. Низкорослые гиганты;105
Гацания;Цветы Гацания Новый день Тигровая Смесь/Сем Алт/цп 5 шт. Низкорослые гиганты;105
Гвоздика;Цветы Гвоздика Китайская Смесь окрасок/Сем Алт/цп 0,1 гр.;30
Гвоздика;Цветы Гвоздика Шабо Бенигна cадовая/Сем Алт/цп 0,1 гр.;39
Гвоздика;Цветы Гвоздика Шабо Смесь садовая/Сем Алт/цп 0,1 гр.;38
Гвоздика;Цветы Гвоздика Шабо Фантазия смесь садовая/Сем Алт/цп 0,05 гр.;36
Гвоздика;Цветы Гвоздика Шабо Фантазия смесь/Сем Алт/цп 0,1 гр.;38
Гелихризум;Цветы Гелихризум Королевский размер Смесь/Сем Алт/цп 0,1 гр. Сухоцветы;39
Гелихризум;Цветы Гелихризум Махровый Смесь/Сем Алт/цп 0,1 гр. Сухоцветы;39
Гелихризум;Цветы Гелихризум Том Тамб/Сем Алт/цп 0,2;39
Георгина;Цветы Георгина Веселые Ребята/Сем Алт/цп 0,2 гр.;39
Георгина;Цветы Георгина Декоративные гиганты/Сем Алт/цп 0,2 гр.;50
Георгина;Цветы Георгина Кактусовидная смесь/Сем Алт/цп 0,1гр.;38
Георгина;Цветы Георгина Коларет Денди/Сем Алт/цп 0,3 гр.;49
Георгина;Цветы Георгина Отражение Нарцисса/Сем Алт/цп 0,2 гр.;39
Георгина;Цветы Георгина Помпонная смесь/Сем Алт/цп 0,2 гр.;48
Георгина;Цветы Георгина Радуга/Сем Алт/цп 0,2 гр.;38
Георгина;Цветы Георгина Фейерверк/Сем Алт/цп 0,2 гр.;88
Георгина;Цветы Георгина Фигаро Белая махровая/Сем Алт/цп 5 шт.;85
Георгина;Цветы Георгина Фигаро Красная махровая/Сем Алт/цп 5 шт.;85
Георгина;Цветы Георгина Фигаро Смесь махровая/Сем Алт/цп 5 шт.;85
Георгина;Цветы Георгина Фигаро Фиолетовая махровая/Сем Алт/цп 5 шт.;85
Георгина;Цветы Георгина Экстрим/Сем Алт/цп 0,2 гр.;55
Годеция;Цветы Годеция Герцог Олбани/Сем Алт/цп 0,05 гр.;35
Годеция;Цветы Годеция Герцог Олбани/Сем Алт/цп 0,2 гр. НОВИНКА;39
Годеция;Цветы Годеция Летний Рай/Сем Алт/цп 0,05 гр.;39
Годеция;Цветы Годеция Майден Блаш/Сем Алт/цп 0,2 гр.;39
Годеция;Цветы Годеция Махровые гиганты смесь/Сем Алт/цп 0,05 гр;37
Годеция;Цветы Годеция Метеор/Сем Алт/цп 0,05 гр.;37
Годеция;Цветы Годеция Метеор/Сем Алт/цп 0,2 гр.;39
Годеция;Цветы Годеция Монарх/Сем Алт/цп 0,05 гр. Ваш яркий балкон;37
Годеция;Цветы Годеция Рембрандт/Сем Алт/цп 0,2 гр. Ваш яркий балкон;39
Годеция;Цветы Годеция Сибил Шервуд/Сем Алт/цп 0,2 гр.;39
Душистый горошек;Цветы Душистый горошек Любящее сердце/Сем Алт/цп 0,5 низкорослый;48
Душистый горошек;Цветы Душистый горошек Роял Смесь/Сем Алт/цп 0,5 гр. Вьющиеся растения;39
Душистый горошек;Цветы Душистый горошек Спенсер смесь/Сем Алт/цп 0,5 гр. Вьющиеся растения;36
Иберис;Цветы Иберис Белый зонтичный/Сем Алт/цп 0,3 гр. Ароматы ночи;39
Иберис;Цветы Иберис Лилициана зонтичный/Сем Алт/цп 0,1 гр. Ароматы ночи;38
Иберис;Цветы Иберис Смесь Окрасок зонтичный/Сем Алт/цп 0,1 гр. Ароматы ночи;37
Иберис;Цветы Иберис Экспресс горький/Сем Алт/цп 0,1гр. Альпийская горка;37
Ипомея;Цветы Квамоклит Рубиновый ковер перистый/Сем Алт/цп 0,2 гр. Вьющиеся растения;36
Календула;Цветы Календула Абрикосовая красавица/Сем Алт/цп 0,5 гр.;38
Календула;Цветы Календула Бьюти Лемон пацифик/Сем Алт/цп 0,3 гр.;32
Календула;Цветы Календула Гейша/Сем Алт/цп 0,3 гр.;38
Календула;Цветы Календула Золотой Император махровая/Сем Алт/цп 0,3 гр.;35
Календула;Цветы Календула Индиан Принц/Сем Алт/цп 0,5 гр.;36
Календула;Цветы Календула Каблуна Голд/Сем Алт/цп 0,5 гр. НОВИНКА;42
Календула;Цветы Календула Каблуна насыщенно-оранжевая/Сем Алт/цп 0,5 гр.;39
Календула;Цветы Календула Каблуна смесь/Сем Алт/цп 0,3 гр.;37
Календула;Цветы Календула Каблуна смесь/Сем Алт/цп 0,5 гр.;36
Календула;Цветы Календула Осенние краски/Сем Алт/цп 0,5 гр.;36
Календула;Цветы Календула Поцелуй бабочки махровая/Сем Алт/цп 0,3 гр.;39
Календула;Цветы Календула Поцелуй бабочки махровая/Сем Алт/цп 0,5 гр.;36
Календула;Цветы Календула Розовый Сюрприз махровая/Сем Алт/цп 0,3 гр.;39
Календула;Цветы Календула Розовый Сюрприз махровая/Сем Алт/цп 0,5 гр.;36
Календула;Цветы Календула Фиеста смесь низкор./Сем Алт/цп 0,5 гр.;38
Капуста декоративная;Цветы Капуста Декоративная Смесь окрасок/Сем Алт/цп 0,1 гр.;37
Капуста декоративная;Цветы Капуста Кондор F1 Белая декоративная/Сем Алт/цп 5 шт. НОВИНКА;120
Капуста декоративная;Цветы Капуста Кондор F1 Красная декоративная/Сем Алт/цп 5 шт. НОВИНКА;120
Капуста декоративная;Цветы Капуста Нагойя F1 Белая декоративная/Сем Алт/цп 10 шт.;105
Капуста декоративная;Цветы Капуста Нагойя F1 Красная декоративная/Сем Алт/цп 10 шт.;101
Капуста декоративная;Цветы Капуста Нагойя F1 Смесь декоративная/Сем Алт/цп 7 шт.;85
Капуста декоративная;Цветы Капуста Осака F1 Белая декоративная/Сем Алт/цп 10 шт.;96
Капуста декоративная;Цветы Капуста Осака F1 Красная декоративная/Сем Алт/цп 7 шт.;115
Катарантус;Цветы Катарантус Леденцы/Сем Алт/цп 0,05 гр.;38
Катарантус;Цветы Катарантус Средиземноморский Белый/Сем Алт/цп 5 шт. Ампельные Шедевры;95
Катарантус;Цветы Катарантус Средиземноморский Бургунди Хало/Сем Алт/цп 5 шт. Ампельные Шедевры;95
Катарантус;Цветы Катарантус Средиземноморский Красный/Сем Алт/цп 5 шт. Ампельные Шедевры;95
Катарантус;Цветы Катарантус Средиземноморский Смесь Эйфория/Сем Алт/цп 5 шт. Ампельные Шедевры;95
Катарантус;Цветы Катарантус Хит Вейв Бургунди/Сем Алт/цп 5 шт.;62
Катарантус;Цветы Катарантус Хит Вейв Пепперминт/Сем Алт/цп 5 шт.;62
Катарантус;Цветы Катарантус Хит Вейв Ред/Сем Алт/цп 5 шт.;62
Катарантус;Цветы Катарантус Хит Вейв Фулл микс/Сем Алт/цп 5 шт.;62
Катарантус;Цветы Катарантус Хит Вейв Эприкот/Сем Алт/цп 5 шт.;62
Кларкия, Клеома;Цветы Кларкия Смесь окрасок изящная/Сем Алт/цп 0,1 гр.;37
Кларкия, Клеома;Цветы Клеома Цветной фонтан/Сем Алт/цп 0,1 г Ароматы ночи;38
Космея, Космидиум;Цветы Космея Карнавал махровая/Сем Алт/цп 0,2 гр.;38
Космея, Космидиум;Цветы Космея Психе Махровая смесь/Сем Алт/цп 0,2 гр.;38
Космея, Космидиум;Цветы Космея Ракушка/Сем Алт/цп 0,5 гр.;42
Космея, Космидиум;Цветы Космея Сенсация Кенди Страйп/Сем Алт/цп 0,3 гр.;39
Космея, Космидиум;Цветы Космея Сенсация Кенди Страйп/Сем Алт/цп 0,5 гр.;37
Космея, Космидиум;Цветы Космея Сенсация/Сем Алт/цп 0,3 гр.;37
Космея, Космидиум;Цветы Космидиум Брюнет/Сем Алт/цп 0,01 гр.;28
Лаватера;Цветы Лаватера Красотка/Сем Алт/цп 0,2 гр.;37
Лаватера;Цветы Лаватера Мальвина смесь/Сем Алт/цп 0,2 гр.;37
Лаватера;Цветы Лаватера Монт Бланк/Сем Алт/цп 0,2 гр.;37
Лаватера;Цветы Лаватера Серебряная чаша/Сем Алт/цп 0,2 гр.;37
Лаватера;Цветы Лаватера Смесь Окрасок/Сем Алт/цп 0,2 гр;37
Левкой, Лен;Цветы Левкой Гигантская Смесь окрасок/Сем Алт/цп 0,2 гр.;38
Левкой, Лен;Цветы Левкой Десятинедельный гном седой/Сем Алт/цп 0,05 гр.;37
Левкой, Лен;Цветы Левкой Десятинедельный гном седой/Сем Алт/цп 0,1 гр.;34
Левкой, Лен;Цветы Левкой Кац Абрикосовое чудо махровый/Сем Алт/цп 8 шт.;80
Левкой, Лен;Цветы Левкой Кац Белое чудо махровый/Сем Алт/цп 8 шт. НОВИНКА;75
Левкой, Лен;Цветы Левкой Кац Розовое чудо махровый/Сем Алт/цп 8 шт.;75
Левкой, Лен;Цветы Левкой Кац Синее чудо махровый/Сем Алт/цп 8 шт. НОВИНКА;75
Левкой, Лен;Цветы Левкой Розовое Шампанское/Сем Алт/цп 0,05 гр.;38
Левкой, Лен;Цветы Лен Красный/Сем Алт/цп 0,3 гр.;38
Левкой, Лен;Цветы Лен Небесная Лазурь/Сем Алт/цп 0,15 гр. многолетник;38
Левкой, Лен;Цветы Лен Смесь крупноцветковая/Сем Алт/цп 0,15 гр.;42
Левкой, Лен;Цветы Лен Смесь крупноцветковая/Сем Алт/цп 0,3 гр.;42
Левкой, Лен;Цветы Лен Яркие глазки крупноцветковый/Сем Алт/цп 0,15 гр.;42
Лобелия;Цветы Лобелия Белый Фонтан плетист./Сем Алт/цп 0,02 гр.;34
Лобелия;Цветы Лобелия Голубой Бриз длинночерешковая/Сем Алт/цп 0,02 гр.;38
Лобелия;Цветы Лобелия Голубой Фонтан плетист./Сем Алт/цп 0,02 гр.;35
Лобелия;Цветы Лобелия Красный Фонтан плетист./Сем Алт/цп 0,01 гр.;37
Лобелия;Цветы Лобелия Регатта Жемчужный Водопад ампельная/Сем Алт/цп 5 шт. Ампельные Шедевры;75
Лобелия;Цветы Лобелия Регатта Лиловый Водопад ампельная/Сем Алт/цп 5 шт. Ампельные Шедевры;75
Лобелия;Цветы Лобелия Регатта Миднайт Блю ампельная/Сем Алт/цп 5 шт. Ампельные Шедевры;75
Лобелия;Цветы Лобелия Регатта Розовый Водопад ампельная/Сем Алт/цп 5 шт. Ампельные Шедевры;75
Лобелия;Цветы Лобелия Регатта Скай блю ампельная/Сем Алт/цп 5 шт. Ампельные Шедевры;75
Лобелия;Цветы Лобелия Фонтан Cмесь плетист./Сем Алт/цп 0,02 гр. Ваш яркий балкон;34
Лобелия;Цветы Лобелия Эринус Белый Дворец/Сем Алт/цп 0,02 гр. Альпийская горка;36
Лобелия;Цветы Лобелия Эринус Хрустальный дворец/Сем Алт/цп 0,02 гр. Альпийская горка;34
Львиный зев;Цветы Львиный зев Античность F1 Красный/Сем Алт/цп 10 шт.;72
Львиный зев;Цветы Львиный зев Античность F1 Оранж биколор/Сем Алт/цп 10 шт.;78
Львиный зев;Цветы Львиный зев Античность F1 Пурпурный/Сем Алт/цп 7 шт.;75
Львиный зев;Цветы Львиный зев Античность Пурпурный/Сем Алт/цп 10 шт;75
Львиный зев;Цветы Львиный зев Белый Букет/Сем Алт/цп 0,1 гр.;39
Львиный зев;Цветы Львиный зев Бразильский карнавал/Сем Алт/цп 0,2 гр.;38
Львиный зев;Цветы Львиный зев Гигантская смесь/Сем Алт/цп 0,2 гр.;38
Львиный зев;Цветы Львиный зев Магический Ковер/Сем Алт/цп 0,2 гр.;38
Львиный зев;Цветы Львиный зев Рубиново-красный букет/Сем Алт/цп 0,2 гр.;44
Львиный зев;Цветы Львиный зев Снэппи Бронзовый закат/Сем Алт/цп 7 шт.;75
Львиный зев;Цветы Львиный зев Снэппи Лимонный фреш/Сем Алт/цп 7 шт.;77
Львиный зев;Цветы Львиный зев Снэппи Пламенная орхидея/Сем Алт/цп 7 шт.;77
Львиный зев;Цветы Львиный зев Снэппи Розовый фламинго/Сем Алт/цп 7 шт.;77
Львиный зев;Цветы Львиный зев Снэппи Скарлет/Сем Алт/цп 7 шт.;77
Львиный зев;Цветы Львиный зев Снэппи Триколор микс/Сем Алт/цп 7 шт.;75
Львиный зев;Цветы Львиный зев Твинни F1 Фиолетовый Махровый/Сем Алт/цп 5 шт.;85
Львиный зев;Цветы Львиный зев Твинни Белый Махровый/Сем Алт/цп 10 шт;112
Львиный зев;Цветы Львиный зев Тетра Смесь/Сем Алт/цп 0,1 гр.;42
Львиный зев;Цветы Львиный зев Тетра Смесь/Сем Алт/цп 0,2 гр.;44
Львиный зев;Цветы Львиный зев Том Тамб Карликовый/Сем Алт/цп 0,1гр;39
Львиный зев;Цветы Львиный зев Фейерверк F1 белый ампельный/Сем Алт/цп 5 шт. Ампельные шедевры;95
Львиный зев;Цветы Львиный зев Фейерверк F1 желтый ампельный/Сем Алт/цп 5 шт. Ампельные шедевры;95
Львиный зев;Цветы Львиный зев Фейерверк F1 оранжевый ампельный/Сем Алт/цп 3 шт. Ампельные шедевры;185
Львиный зев;Цветы Львиный зев Фейерверк F1 оранжевый ампельный/Сем Алт/цп 5 шт. Ампельные шедевры;95
Львиный зев;Цветы Львиный зев Фейерверк F1 розовый ампельный/Сем Алт/цп 3 шт. Ампельные шедевры;185
Львиный зев;Цветы Львиный зев Фейерверк F1 темно-фиолетовый ампельный/Сем Алт/цп 5 шт. Ампельные шедевры (2029 /;95
Мимулюс;Цветы Мимулюс Мэджик F1 Бургунди/Сем Алт/цп 10 шт.;103
Мимулюс;Цветы Мимулюс Мэджик F1 Еллоу/Сем Алт/цп 7 шт.;103
Мимулюс;Цветы Мимулюс Мэджик F1 Желтое пламя/Сем Алт/цп 10 шт.;103
Мимулюс;Цветы Мимулюс Мэджик F1 Желтое пламя/Сем Алт/цп 7 шт.;103
Мимулюс;Цветы Мимулюс Мэджик F1 Летний поцелуй/Сем Алт/цп 7 шт.;103
Мимулюс;Цветы Мимулюс Мэджик F1 Оранж/Сем Алт/цп 10 шт.;103
Мимулюс;Цветы Мимулюс Мэджик F1 Оранж/Сем Алт/цп 7 шт.;103
Мимулюс;Цветы Мимулюс Мэджик F1 Ред/Сем Алт/цп 10 шт.;103
Мимулюс;Цветы Мимулюс Мэджик Еллоу/Сем Алт/цп 10 шт. НОВИНКА;98
Настурция;Цветы Настурция Аляска низкорослая/Сем Алт/цп 0,5 гр.;39
Настурция;Цветы Настурция Африканка большая/Сем Алт/цп 1 гр. Вьющиеся растения;38
Настурция;Цветы Настурция Везувий низкорослая/Сем Алт/цп 0,5 гр.;39
Настурция;Цветы Настурция День и ночь низкорослая/Сем Алт/цп 0.5 гр. Ваш яркий балкон;45
Настурция;Цветы Настурция Золотой Блик большая/Сем Алт/цп 1 гр. Вьющиеся растения;42
Настурция;Цветы Настурция Золотой Шар/Сем Алт/цп 1 гр.;44
Настурция;Цветы Настурция Иноземная канарейка вьющ./Сем Алт/цп 0,7 гр. Вьющиеся растения;75
Настурция;Цветы Настурция Клубника со сливками  низкорослая/Сем Алт/цп 1 гр. НОВИНКА;48
Настурция;Цветы Настурция Коричневый Блик большая/Сем Алт/цп 0,5 гр. Вьющиеся растения;34
Настурция;Цветы Настурция Король Теодор/Сем Алт/цп 1 гр.;38
Настурция;Цветы Настурция Красота Индии вьющ./Сем Алт/цп 0,5 гр. Вьющиеся растения;38
Настурция;Цветы Настурция Лососевая малышка низкоросл./Сем Алт/цп 1 гр.;38
Настурция;Цветы Настурция Лососевый Блик большая/Сем Алт/цп 0,5 гр. Вьющиеся растения;34
Настурция;Цветы Настурция Лунный Блик большая/Сем Алт/цп 0,5 гр. Вьющиеся растения;39
Настурция;Цветы Настурция Лунный Блик большая/Сем Алт/цп 1 гр. Вьющиеся растения;38
Настурция;Цветы Настурция Махагони низкоросл./Сем Алт/цп 1 гр.;42
Настурция;Цветы Настурция Махровая Смесь низкоросл./Сем Алт/цп 0,5 гр.;37
Настурция;Цветы Настурция Оранжевый Блик большая/Сем Алт/цп 0,5 гр. Вьющиеся растения;34
Настурция;Цветы Настурция Персиковый Ликер низкоросл./Сем Алт/цп 1 гр.;34
Настурция;Цветы Настурция Розовая вишня низкоросл./Сем Алт/цп 1 гр.;45
Настурция;Цветы Настурция Смесь Окрасок низкоросл./Сем Алт/цп 1 гр.;38
Настурция;Цветы Настурция Солнечные блики смесь большая/Сем Алт/цп 0,5 гр. Вьющиеся растения;39
Настурция;Цветы Настурция Солнечные блики смесь большая/Сем Алт/цп 1 гр. Вьющиеся растения;39
Настурция;Цветы Настурция Черный бархат/Сем Алт/цп 0,5 гр.;43
Пентас;Цветы Пентас Граффити F1 Вайлет ланцетовидный/Сем Алт/цп 3 шт. НОВИНКА;155
Пентас;Цветы Пентас Лаки стар F1 Вайт ланцетовидный/Сем Алт/цп 3 шт. НОВИНКА;145
Пентас;Цветы Пентас Лаки стар F1 Дак ред ланцетовидный/Сем Алт/цп 3 шт. НОВИНКА;145
Пентас;Цветы Пентас Лаки стар F1 Дип пинк ланцетовидный/Сем Алт/цп 3 шт. НОВИНКА;145
Пентас;Цветы Пентас Лаки стар F1 Лавендер ланцетовидный/Сем Алт/цп 3 шт. НОВИНКА;135
Пентас;Цветы Пентас Лаки стар F1 Липстик ланцетовидный/Сем Алт/цп 3 шт. НОВИНКА;145
Петуния, фриллитуния;Цветы Петуния Альдерман/Сем Алт/цп 0,05 гр. Ваш яркий балкон;42
Петуния, фриллитуния;Цветы Петуния Афродита F1 Белая бахромчатая/Сем Алт/цп 5 шт.;75
Петуния, фриллитуния;Цветы Петуния Афродита F1 Красная бахромчатая/Сем Алт/цп 5 шт.;75
Петуния, фриллитуния;Цветы Петуния Афродита F1 Пурпурная бахромчатая/Сем Алт/цп 5 шт.;75
Петуния, фриллитуния;Цветы Петуния Балконная смесь/Сем Алт/цп 0,05 гр. Ваш яркий балкон;42
Петуния, фриллитуния;Цветы Петуния Балконная смесь/Сем Алт/цп 0,1 гр. Ваш яркий балкон;48
Петуния, фриллитуния;Цветы Петуния Баттерфляй F1 многоцветковая/Сем Алт/цп 7 шт. НОВИНКА;125
Петуния, фриллитуния;Цветы Петуния Белое кружево низкорослая крупноцветковая/Сем Алт/цп 7 шт. НОВИНКА;68
Петуния, фриллитуния;Цветы Петуния Белый Шар/Сем Алт/цп 0,1 гр. Ваш яркий балкон;38
Петуния, фриллитуния;Цветы Петуния Бригитта F1 низкорослая многоцветковая/Сем Алт/цп 7 шт.;55
Петуния, фриллитуния;Цветы Петуния Валентина F1 махровая/Сем Алт/цп 7 шт.;105
Петуния, фриллитуния;Цветы Петуния Гарден бьюти F1 Лиловая многоцветковая/Сем Алт/цп 5 шт. НОВИНКА;185
Петуния, фриллитуния;Цветы Петуния Гарден бьюти F1 Пурпурная многоцветковая/Сем Алт/цп 5 шт. НОВИНКА;185
Петуния, фриллитуния;Цветы Петуния Гибридная смесь сортов/Сем Алт/цп 0,1 гр.;42
Петуния, фриллитуния;Цветы Петуния Голубая Каскадная махровая F1/Сем Алт/цп 10 шт.;95
Петуния, фриллитуния;Цветы Петуния Горный Хрусталь/Сем Алт/цп 7 шт.;65
Петуния, фриллитуния;Цветы Петуния Джоконда F1 Блю многоцветковая/Сем Алт/цп 5 шт. Ампельные шедевры;195
Петуния, фриллитуния;Цветы Петуния Джоконда F1 Вайт многоцветковая/Сем Алт/цп 5 шт. Ампельные шедевры;195
Петуния, фриллитуния;Цветы Петуния Джоконда F1 Лайм Еллоу многоцветковая/Сем Алт/цп 5 шт. Ампельные шедевры;195
Петуния, фриллитуния;Цветы Петуния Джоконда F1 Парпл многоцветковая/Сем Алт/цп 5 шт. Ампельные шедевры;195
Петуния, фриллитуния;Цветы Петуния Джоконда F1 Ред многоцветковая/Сем Алт/цп 5 шт. Ампельные шедевры;195
Петуния, фриллитуния;Цветы Петуния Джоконда F1 Роуз многоцветковая/Сем Алт/цп 5 шт. Ампельные шедевры;195
Петуния, фриллитуния;Цветы Петуния Дольче F1 Лимончелло/Сем Алт/цп 10 шт.;110
Петуния, фриллитуния;Цветы Петуния Дольче F1 Фраголино/Сем Алт/цп 10 шт.;115
Петуния, фриллитуния;Цветы Петуния Дот Стар F1 Андромеда многоцветковая/Сем Алт/цп 5 шт.;75
Петуния, фриллитуния;Цветы Петуния Дот Стар F1 Кассиопея многоцветковая/Сем Алт/цп 5 шт.;75
Петуния, фриллитуния;Цветы Петуния Дот Стар F1 Орион многоцветковая/Сем Алт/цп 5 шт.;75
Петуния, фриллитуния;Цветы Петуния Дримс F1 Белоснежка/Сем Алт/цп 7 шт.;65
Петуния, фриллитуния;Цветы Петуния Дримс F1 Водопад смесь/Сем Алт/цп 7 шт.;58
Петуния, фриллитуния;Цветы Петуния Дримс F1 Коралловая пенка/Сем Алт/цп 10 шт.;72
Петуния, фриллитуния;Цветы Петуния Дримс F1 Неоновая роза/Сем Алт/цп 10 шт.;72
Петуния, фриллитуния;Цветы Петуния Дримс F1 Патриот Смесь трехцветная/Сем Алт/цп 10 шт.;75
Петуния, фриллитуния;Цветы Петуния Дримс F1 Розовое утро/Сем Алт/цп 10 шт.;75
Петуния, фриллитуния;Цветы Петуния Дримс F1 Розовое утро/Сем Алт/цп 7 шт.;75
Петуния, фриллитуния;Цветы Петуния Дримс Белоснежка/Сем Алт/цп 10 шт.;58
Петуния, фриллитуния;Цветы Петуния Дуо F1 Бургунди махровая/Сем Алт/цп 10 шт.;110
Петуния, фриллитуния;Цветы Петуния Дуо F1 Бургунди махровая/Сем Алт/цп 7 шт.;95
Петуния, фриллитуния;Цветы Петуния Дуо F1 Лавандовая махровая/Сем Алт/цп 7 шт.;110
Петуния, фриллитуния;Цветы Петуния Дуо F1 Махровая смесь/Сем Алт/цп 7 шт.;95
Петуния, фриллитуния;Цветы Петуния Дуо F1 Синяя махровая/Сем Алт/цп 10 шт.;110
Петуния, фриллитуния;Цветы Петуния Дуо F1 Синяя махровая/Сем Алт/цп 7 шт.;95
Петуния, фриллитуния;Цветы Петуния Звездная Смесь/Сем Алт/цп 0,1 гр.;48
Петуния, фриллитуния;Цветы Петуния Кан Кан F1 Арлекин Бургунди крупноцветковая/Сем Алт/цп 5 шт.;95
Петуния, фриллитуния;Цветы Петуния Кан Кан F1 Арлекин Бургунди крупноцветковая/Сем Алт/цп 7 шт. НОВИНКА;82
Петуния, фриллитуния;Цветы Петуния Кан Кан F1 Арлекин Черри роуз крупноцветковая/Сем Алт/цп 5 шт.;95
Петуния, фриллитуния;Цветы Петуния Кан Кан F1 Арлекин Черри роуз крупноцветковая/Сем Алт/цп 7 шт. НОВИНКА;82
Петуния, фриллитуния;Цветы Петуния Каскадная F1 Бургунди махровая/Сем Алт/цп 10 шт.;95
Петуния, фриллитуния;Цветы Петуния Каскадная F1 Синяя махровая/Сем Алт/цп 7 шт.;110
Петуния, фриллитуния;Цветы Петуния Компактная многоцветковая/Сем Алт/цп 0,1 гр. Ваш яркий балкон;44
Петуния, фриллитуния;Цветы Петуния Коралловая Пенка/Сем Алт/цп 0,1 гр. Ваш яркий балкон;48
Петуния, фриллитуния;Цветы Петуния Кристина F1 низкорослая многоцветковая/Сем Алт/цп 7 шт.;55
Петуния, фриллитуния;Цветы Петуния Кристина низкорослая многоцветковая/Сем Алт/цп 10 шт.;48
Петуния, фриллитуния;Цветы Петуния Крупноцветковая Смесь/Сем Алт/цп 0,1 гр.;32
Петуния, фриллитуния;Цветы Петуния Лавина F1 Белая/Сем Алт/цп 10 шт.;65
Петуния, фриллитуния;Цветы Петуния Лавина F1 Красная/Сем Алт/цп 10 шт.;65
Петуния, фриллитуния;Цветы Петуния Лавина F1 Пурпурно-желтая звезда/Сем Алт/цп 7 шт. НОВИНКА;58
Петуния, фриллитуния;Цветы Петуния Лавина F1 Синяя звезда/Сем Алт/цп 7 шт.;58
Петуния, фриллитуния;Цветы Петуния Ламбада F1 Блю/Сем Алт/цп 7 шт.;58
Петуния, фриллитуния;Цветы Петуния Ламбада F1 Звездопад Смесь/Сем Алт/цп 7 шт.;58
Петуния, фриллитуния;Цветы Петуния Ламбада F1 Красная Звезда/Сем Алт/цп 7 шт.;58
Петуния, фриллитуния;Цветы Петуния Ламбада Звездопад Смесь/Сем Алт/цп 10 шт.;64
Петуния, фриллитуния;Цветы Петуния Ламбада Красная Звезда/Сем Алт/цп 10 шт.;69
Петуния, фриллитуния;Цветы Петуния Ламбада Синяя Звезда/Сем Алт/цп 10 шт.;69
Петуния, фриллитуния;Цветы Петуния Лимбо F1 Блю пикоти/Сем Алт/цп 10 шт.  Низкорослые гиганты;95
Петуния, фриллитуния;Цветы Петуния Лимбо F1 Блю/Сем Алт/цп 10 шт.  Низкорослые гиганты;85
Петуния, фриллитуния;Цветы Петуния Лимбо F1 Блю/Сем Алт/цп 7 шт.  Низкорослые гиганты;95
Петуния, фриллитуния;Цветы Петуния Лимбо F1 Бургунди пикоти/Сем Алт/цп 10 шт. Низкорослые гиганты НОВИНКА;95
Петуния, фриллитуния;Цветы Петуния Лимбо F1 Вайт/Сем Алт/цп 10 шт. Низкорослые гиганты;88
Петуния, фриллитуния;Цветы Петуния Лимбо F1 Вайт/Сем Алт/цп 7 шт. Низкорослые гиганты;95
Петуния, фриллитуния;Цветы Петуния Лимбо F1 Виолет/Сем Алт/цп 10 шт. генетически карликовая;85
Петуния, фриллитуния;Цветы Петуния Лимбо F1 Виолет/Сем Алт/цп 7 шт. Низкорослые гиганты;95
Петуния, фриллитуния;Цветы Петуния Лимбо F1 Дип Парпл/Сем Алт/цп 10 шт. Низкорослые гиганты;84
Петуния, фриллитуния;Цветы Петуния Лимбо F1 Еллоу лайм/Сем Алт/цп 7 шт. Низкорослые гиганты НОВИНКА;85
Петуния, фриллитуния;Цветы Петуния Лимбо F1 Ред пикоти/Сем Алт/цп 10 шт. Низкорослые гиганты НОВИНКА;95
Петуния, фриллитуния;Цветы Петуния Лимбо F1 Ред/Сем Алт/цп 7 шт. Низкорослые гиганты;95
Петуния, фриллитуния;Цветы Петуния Лимбо Ред F1/Сем Алт/цп 10 шт. Низкорослые гиганты;85
Петуния, фриллитуния;Цветы Петуния Мадам Гретхен гибридная/Сем Алт/цп 0,1 гр.;42
Петуния, фриллитуния;Цветы Петуния Мамбо F1 Вайт/Сем Алт/цп 10 шт. генетически карликовая;84
Петуния, фриллитуния;Цветы Петуния Мамбо F1 Вайт/Сем Алт/цп 7 шт.;95
Петуния, фриллитуния;Цветы Петуния Мамбо F1 Парпл/Сем Алт/цп 7 шт. НОВИНКА;95
Петуния, фриллитуния;Цветы Петуния Мамбо F1 Скай блю/Сем Алт/цп 10 шт. генетически карликовая;90
Петуния, фриллитуния;Цветы Петуния Мамбо F1 Скай блю/Сем Алт/цп 7 шт. НОВИНКА;95
Петуния, фриллитуния;Цветы Петуния Нора F1 низкорослая многоцветковая/Сем Алт/цп 10 шт.;58
Петуния, фриллитуния;Цветы Петуния Нора F1 низкорослая многоцветковая/Сем Алт/цп 7 шт.;55
Петуния, фриллитуния;Цветы Петуния Пендолино F1 Вайт многоцветковая/Сем Алт/цп 5 шт. НОВИНКА;185
Петуния, фриллитуния;Цветы Петуния Пендолино F1 Виолет айс многоцветковая/Сем Алт/цп 5 шт. НОВИНКА;185
Петуния, фриллитуния;Цветы Петуния Пендолино F1 Еллоу многоцветковая/Сем Алт/цп 5 шт. НОВИНКА;185
Петуния, фриллитуния;Цветы Петуния Пендолино F1 Ред многоцветковая/Сем Алт/цп 5 шт. НОВИНКА;185
Петуния, фриллитуния;Цветы Петуния Пендолино F1 Роуз айс многоцветковая/Сем Алт/цп 5 шт. НОВИНКА;185
Петуния, фриллитуния;Цветы Петуния Пендолино F1 Роуз многоцветковая/Сем Алт/цп 5 шт. НОВИНКА;185
Петуния, фриллитуния;Цветы Петуния Пируэт Пикоти F1 Красная махровая/Сем Алт/цп 10 шт.;110
Петуния, фриллитуния;Цветы Петуния Пируэт Пикоти F1 Розовая махровая/Сем Алт/цп 10 шт.;110
Петуния, фриллитуния;Цветы Петуния Поздравление из Чехии смесь полумахровая/Сем Алт/цп 7 шт.;75
Петуния, фриллитуния;Цветы Петуния Превосходнейшая F1 Альба/Сем Алт/цп 7 шт. Низкорослые гиганты;69
Петуния, фриллитуния;Цветы Петуния Превосходнейшая F1 Бордовая/Сем Алт/цп 7 шт. Низкорослые гиганты;75
Петуния, фриллитуния;Цветы Петуния Превосходнейшая F1 Розеа/Сем Алт/цп 7 шт. Низкорослые гиганты;69
Петуния, фриллитуния;Цветы Петуния Превосходнейшая F1 Темно-пурпурная/Сем Алт/цп 10 шт. Низкорослые гиганты;68
Петуния, фриллитуния;Цветы Петуния Превосходнейшая F1 Темно-пурпурная/Сем Алт/цп 7 шт. Низкорослые гиганты;75
Петуния, фриллитуния;Цветы Петуния Превосходнейшая F1 Черныго Триумф/Сем Алт/цп 7 шт. Низкорослые гиганты;75
Петуния, фриллитуния;Цветы Петуния Превосходнейшая Бордовая/Сем Алт/цп 10 шт. Низкорослые гиганты;68
Петуния, фриллитуния;Цветы Петуния Превосходнейшая Розеа/Сем Алт/цп 10 шт. Низкорослые гиганты;63
Петуния, фриллитуния;Цветы Петуния Призма F1 Блю/Сем  Алт/цп 10 шт.;75
Петуния, фриллитуния;Цветы Петуния Призма F1 Вайт/Сем  Алт/цп 10 шт.;64
Петуния, фриллитуния;Цветы Петуния Призма F1 Вайт/Сем  Алт/цп 7 шт.;85
Петуния, фриллитуния;Цветы Петуния Призма F1 Ежевичный джем/Сем  Алт/цп 10 шт.;75
Петуния, фриллитуния;Цветы Петуния Призма F1 Ежевичный джем/Сем  Алт/цп 7 шт.;85
Петуния, фриллитуния;Цветы Петуния Призма F1 Лаванда/Сем  Алт/цп 10 шт.;64
Петуния, фриллитуния;Цветы Петуния Призма F1 Лаванда/Сем  Алт/цп 7 шт.;85
Петуния, фриллитуния;Цветы Петуния Призма F1 Малиновый джем/Сем  Алт/цп 10 шт.;85
Петуния, фриллитуния;Цветы Петуния Призма F1 Малиновый джем/Сем  Алт/цп 7 шт.;75
Петуния, фриллитуния;Цветы Петуния Призма F1 Ред/Сем  Алт/цп 10 шт.;64
Петуния, фриллитуния;Цветы Петуния Призма F1 Ред/Сем  Алт/цп 7 шт.;85
Петуния, фриллитуния;Цветы Петуния Призма F1 Руби/Сем  Алт/цп 10 шт.;85
Петуния, фриллитуния;Цветы Петуния Розовая Пенка/Сем Алт/цп 0,05 гр.;42
Петуния, фриллитуния;Цветы Петуния Розовая Пенка/Сем Алт/цп 0,1 гр.;45
Петуния, фриллитуния;Цветы Петуния Романтика F1 Софи крупноцветковая/Сем Алт/цп 5 шт. НОВИНКА;225
Петуния, фриллитуния;Цветы Петуния Снежный шар/Сем Алт/цп 0,1 гр.;38
Петуния, фриллитуния;Цветы Петуния Софистика F1 Блекберри энд Лайм Грин/Сем Алт/цп 5 шт.;175
Петуния, фриллитуния;Цветы Петуния Софистика F1 Лайм биколор/Сем Алт/цп 5 шт. НОВИНКА;175
Петуния, фриллитуния;Цветы Петуния Софистика F1 Синее Утро/Сем Алт/цп 5 шт.;175
Петуния, фриллитуния;Цветы Петуния Суперкаскадная F1 Белая/Сем Алт/цп 7 шт.;75
Петуния, фриллитуния;Цветы Петуния Суперкаскадная F1 Бургунди/Сем Алт/цп 7 шт.;75
Петуния, фриллитуния;Цветы Петуния Суперкаскадная F1 Красная/Сем Алт/цп 7 шт.;75
Петуния, фриллитуния;Цветы Петуния Суперкаскадная F1 Розовая/Сем Алт/цп 7 шт.;75
Петуния, фриллитуния;Цветы Петуния Суперкаскадная F1 Синяя/Сем Алт/цп 7 шт.;75
Петуния, фриллитуния;Цветы Петуния Суперкаскадная F1 Смесь/Сем Алт/цп 7 шт.;75
Петуния, фриллитуния;Цветы Петуния Хулахуп F1 Красная/Сем Алт/цп 10 шт.;77
Петуния, фриллитуния;Цветы Петуния Хулахуп F1 Синяя/Сем Алт/цп 10 шт.;85
Петуния, фриллитуния;Цветы Петуния Хулахуп F1 Смесь/Сем Алт/цп 10 шт.;85
Петуния, фриллитуния;Цветы Сурфиния F1 Бархатный вельвет/Сем Алт/цп 5 шт. Ампельные шедевры;145
Петуния, фриллитуния;Цветы Сурфиния F1 Пурпурный бархат/Сем Алт/цп 5 шт. Ампельные шедевры;145
Петуния, фриллитуния;Цветы Фриллитуния F1 Бургунди/Сем Алт/цп 5 шт.;75
Петуния, фриллитуния;Цветы Фриллитуния F1 Роуз/Сем Алт/цп 5 шт.;75
Подсолнечник декоративный;Цветы Подсолнечник Бронзовый Король/Сем Алт/цп 0,5 гр.;55
Подсолнечник декоративный;Цветы Подсолнечник Домино/Сем Алт/цп 0,5 гр.;39
Подсолнечник декоративный;Цветы Подсолнечник Красно солнышко/Сем Алт/цп 0,5 гр.;38
Подсолнечник декоративный;Цветы Подсолнечник Малиновая Королева/Сем Алт/цп 0,5 гр.;38
Подсолнечник декоративный;Цветы Подсолнечник Медвежонок/Сем Алт/цп 0,5 гр.;36
Подсолнечник декоративный;Цветы Подсолнечник Осенний красавец/Сем Алт/цп 0,5 гр.;37
Подсолнечник декоративный;Цветы Подсолнечник Осенняя Ярмарка/Сем Алт/цп 0,5 гр.;30
Портулак;Цветы Портулак Каламбур смесь/Сем Алт/цп 0,1 гр. Ваш яркий балкон;39
Портулак;Цветы Портулак Махровый Смесь/Сем Алт/цп 0,1 гр. Альпийская горка;39
Портулак;Цветы Портулак Смесь Окрасок/Сем Алт/цп 0,1 гр.;34
Портулак;Цветы Портулак Супермахровый Белый/Сем Алт/цп 0,02 гр.;39
Портулак;Цветы Портулак Супермахровый Вишневый/Сем Алт/цп 0,1 гр.;56
Портулак;Цветы Портулак Супермахровый Желтый/Сем Алт/цп 0,02 гр.;39
Портулак;Цветы Портулак Супермахровый Красный/Сем Алт/цп 0,02 гр. (2028 / 3390);39
Портулак;Цветы Портулак Супермахровый Красный/Сем Алт/цп 0,1 гр.;56
Портулак;Цветы Портулак Супермахровый Розовый/Сем Алт/цп 0,02 гр.;39
Портулак;Цветы Портулак Супермахровый Розовый/Сем Алт/цп 0,1 гр.;56
Портулак;Цветы Портулак Супермахровый Смесь окрасок/Сем Алт/цп 0,02 гр.;39
Портулак;Цветы Портулак Супермахровый Смесь окрасок/Сем Алт/цп 0,1 гр.;56
Портулак;Цветы Портулак Счастливая тропинка Смесь /Сем Алт/цп 4 шт. Ампельные Шедевры;95
Портулак;Цветы Портулак Хэппи Аур F1 Кокос/Сем Алт/цп 5 шт. НОВИНКА;75
Портулак;Цветы Портулак Хэппи Аур F1 Лемон/Сем Алт/цп 4 шт. НОВИНКА;75
Портулак;Цветы Портулак Хэппи Аур F1 Пепперминт/Сем Алт/цп 4 шт. НОВИНКА;75
Портулак;Цветы Портулак Хэппи Аур F1 Смесь окрасок/Сем Алт/цп 4 шт. НОВИНКА;75
Сальвия;Цветы Сальвия Акварель/Сем Алт/цп 0,1 гр.;85
Сальвия;Цветы Сальвия Карабинер сверкающая/Сем Алт/цп 0,1 гр.;55
Сальвия;Цветы Сальвия Редди Брайт ред сверкающая/Сем Алт/цп 5 шт.;72
Сальвия;Цветы Сальвия Редди Вайт сверкающая/Сем Алт/цп 5 шт.;75
Сальвия;Цветы Сальвия Редди Парпл сверкающая/Сем Алт/цп 5 шт.;75
Сальвия;Цветы Сальвия Редди Скарлет биколор сверкающая/Сем Алт/цп 5 шт.;72
Сальвия;Цветы Сальвия Редди Фулл микс сверкающая/Сем Алт/цп 5 шт.;75
Сальвия;Цветы Сальвия Скарлетт сверкающая/Сем Алт/цп 0,1 гр.;49
Сухоцветы;Цветы Гелихризум Королевский размер Смесь/Сем Алт/цп 0,1 гр. Сухоцветы;39
Сухоцветы;Цветы Гелихризум Махровый Смесь/Сем Алт/цп 0,1 гр. Сухоцветы;39
Сухоцветы;Цветы Гомфрена Высокая Смесь окрасок/Сем Алт/цп 0,05 гр. Сухоцвет;45
Сухоцветы;Цветы Краспедия Барабанные палочки шаровидная/Сем Алт/цп 0,05 гр. Сухоцветы;69
Сухоцветы;Цветы Пеннисетум мохнатый злак декоративный/Сем Алт/цп 5 шт.  Сухоцветы НОВИНКА;87
Сухоцветы;Цветы Смолевка Альпестрис Звездные сны/Сем Алт/цп 3 шт. НОВИНКА;85
Сухоцветы;Цветы Статица Кис Дак блю/Сем Алт/цп 7 шт. Сухоцветы НОВИНКА;60
Сухоцветы;Цветы Статица Кис Роуз/Сем Алт/цп 7 шт. Сухоцветы НОВИНКА;58
Сухоцветы;Цветы Статица Коралловые рифы/Сем Алт/цп 0,05 гр. Сухоцветы;38
Сухоцветы;Цветы Статица Крымская Смесь/Сем Алт/цп 0,05 гр. Сухоцветы;38
Сухоцветы;Цветы Статица Хипстер Блю/Сем Алт/цп 5 шт. Сухоцветы НОВИНКА;58
Сухоцветы;Цветы Статица Хипстер Вайт/Сем Алт/цп 5 шт. Сухоцветы НОВИНКА;58
Сухоцветы;Цветы Статица Хипстер Еллоу/Сем Алт/цп 5 шт. Сухоцветы НОВИНКА;58
Сухоцветы;Цветы Физалис Граунд Черри земляничный /Сем Алт/цп 0,1 гр. однолетник Сухоцветы НОВИНКА;42
Табак душистый;Цветы Табак Сенсация душистый/Сем Алт/цп 0,02 гр. Ароматы ночи;37
Табак душистый;Цветы Табак Тинкербелл душистый/Сем Алт/цп 0,02 гр. Ароматы ночи;36
Тунбергия;Цветы Тунбергия Смесь окрасок крылатая/Сем Алт/цп 0,2 гр. Вьющиеся растения;55
Тунбергия;Цветы Тунбергия Сюзи Белый каскад крылатая/Сем Алт/цп 4 шт. Ампельные Шедевры;135
Тунбергия;Цветы Тунбергия Сюзи Оранжевый каскад крылатая/Сем Алт/цп 4 шт. Ампельные Шедевры;125
Фасоль декоративная;Цветы Фасоль вьющаяся Огненно-красная/Сем Алт/цп 5 гр. Вьющиеся растения;74
Фасоль декоративная;Цветы Фасоль декоративная Смесь окрасок вьющаяся/Сем Алт/цп 5 гр. Вьющиеся растения;74
Флокс;Цветы Флокс Белое Море друммонда/Сем Алт/цп 0,1 гр.;38
Флокс;Цветы Флокс Глобус смесь друммонда/Сем Алт/цп 0,05 гр.;38
Флокс;Цветы Флокс Глобус смесь друммонда/Сем Алт/цп 0,1 гр.;39
Флокс;Цветы Флокс Изабеллина друммонда/Сем Алт/цп 0,1 гр.;30
Флокс;Цветы Флокс Искусство Теней/Сем Алт/цп 0,1 гр.;30
Флокс;Цветы Флокс Красивый гном друммонда/Сем Алт/цп 0,05 гр.;38
Флокс;Цветы Флокс Красивый гном/Сем Алт/цп 0,2 гр.;38
Флокс;Цветы Флокс Красный бархат друммонда/Сем Алт/цп 0,05 гр. Ваш яркий балкон;38
Флокс;Цветы Флокс Красный Бархат друммонда/Сем Алт/цп 0,1 гр. Ваш яркий балкон;34
Флокс;Цветы Флокс Красотка в белом друммонда/Сем Алт/цп 0,05 гр.;38
Флокс;Цветы Флокс Красотка в голубом друммонда/Сем Алт/цп 0,05 гр;39
Флокс;Цветы Флокс Красотка в желтом друммонда/Сем Алт/цп 0,1 гр.;39
Флокс;Цветы Флокс Красотка в малиновом друммонда/Сем Алт/цп 0,05 гр.;39
Флокс;Цветы Флокс Кристалл друммонда/Сем Алт/цп 0,05 гр.;39
Флокс;Цветы Флокс Кристалл Друммонда/Сем Алт/цп 0,2 гр.;38
Флокс;Цветы Флокс Мерцающая Звезда/Сем Алт/цп 0,2 гр.;38
Флокс;Цветы Флокс Смесь друммонда/Сем Алт/цп 0,05 гр.;38
Хризантема;Цветы Хризантема Данетти килеватая/Сем Алт/цп 0,3 гр.;44
Хризантема;Цветы Хризантема Пламя килеватая/Сем Алт/цп 0,1 гр.;32
Хризантема;Цветы Хризантема Полярная Звезда килеватая/Сем Алт/цп 0,1 гр.;34
Хризантема;Цветы Хризантема Санта Моника увенчанная/Сем Алт/цп 0,3 гр.;38
Цветочные смеси однолетников;Цветы Смесь Бордюрная цветочная/Сем Алт/цп 0,5 гр.;45
Цветочные смеси однолетников;Цветы Смесь В последний момент цветочная/Сем Алт/цп 0,5 гр.;45
Цветочные смеси однолетников;Цветы Смесь Уютный уголок однолетняя балконная/Сем Алт/цп 0,3 гр. Ваш яркий балкон;42
Цветочные смеси однолетников;Цветы Смесь Цветущий забор однолетн./Сем Алт/цп 0,5 гр.;65
Цветы разные (однолетние);Цветы Адонис летний Кроваво-красный/Сем Алт/цп 0,2 гр. Альпийская горка;37
Цветы разные (однолетние);Цветы Бакопа Блютопия F1 Голубой фонтан/Сем Алт/цп 3 шт. Ампельные шедевры;195
Цветы разные (однолетние);Цветы Бакопа Пинктопия F1 Розовый фонтан/Сем Алт/цп 3 шт. Ампельные шедевры;195
Цветы разные (однолетние);Цветы Бакопа Сноутопия F1 Белый фонтан/Сем Алт/цп 3 шт. Ампельные шедевры;195
Цветы разные (однолетние);Цветы Брахикома Белое озеро/Сем Алт/цп 0,05 гр. Альпийская горка НОВИНКА;32
Цветы разные (однолетние);Цветы Брахикома Пурпурная малышка/Сем Алт/цп 0,05 гр. Альпийская горка НОВИНКА;39
Цветы разные (однолетние);Цветы Гайлардия Лоренциана/Сем Алт/цп 0,1 гр.;38
Цветы разные (однолетние);Цветы Гайлардия Лоренциана/Сем Алт/цп 0,2 гр.;34
Цветы разные (однолетние);Цветы Гайлардия Меса Пич/Сем Алт/цп 3 шт. многолетник НОВИНКА;120
Цветы разные (однолетние);Цветы Гиацинтовые бобы Двухцветные/Сем Алт/цп 1 гр. Вьющиеся растения;56
Цветы разные (однолетние);Цветы Гиацинтовые бобы Рубиновая Луна/Сем Алт/цп 1 гр. Вьющиеся растения;56
Цветы разные (однолетние);Цветы Гиацинтовые бобы Смесь декоративная/Сем Алт/цп 1 гр. Вьющиеся растения;56
Цветы разные (однолетние);Цветы Гипсофила Белая метельчатая/Сем Алт/цп 0,05 гр. многолетник;38
Цветы разные (однолетние);Цветы Гипсофила Изящная Розовая/Сем Алт/цп 0,05 гр.;37
Цветы разные (однолетние);Цветы Гипсофила Изящная Розовая/Сем Алт/цп 0,3 гр.;34
Цветы разные (однолетние);Цветы Гипсофила Изящная Смесь/Сем Алт/цп 0,05 гр.;33
Цветы разные (однолетние);Цветы Гомфрена Высокая Смесь окрасок/Сем Алт/цп 0,05 гр. Сухоцвет;45
Цветы разные (однолетние);Цветы Дидискус лавандовый/Сем Алт/цп 0,1 гр.;56
Цветы разные (однолетние);Цветы Диморфотека смесь окрасок/Сем Алт/цп 0,2гр.;36
Цветы разные (однолетние);Цветы Дихондра Серебряный Водопад/Сем Алт/цп 3 шт. Ампельные шедевры;195
Цветы разные (однолетние);Цветы Клещевина Гибсона/Сем Алт/цп 3 шт.;58
Цветы разные (однолетние);Цветы Клещевина Обыкновенная/Сем Алт/цп 3 шт.;45
Цветы разные (однолетние);Цветы Кобея Кафедральные колокола белая лазающая/Сем Алт/цп 5 шт. Вьющиеся растения;79
Цветы разные (однолетние);Цветы Кобея Кафедральные колокола Смесь лазающая/Сем Алт/цп 5 шт Вьющиеся растения;85
Цветы разные (однолетние);Цветы Кобея Кафедральные колокола фиолетовая лазающая/Сем Алт/цп 5 шт. Вьющиеся растения;78
Цветы разные (однолетние);Цветы Кохия Летний Кипарис/Сем Алт/цп 0,2 гр.;37
Цветы разные (однолетние);Цветы Кохия Летний Кипарис/Сем Алт/цп 0,3 гр.;30
Цветы разные (однолетние);Цветы Лакфиоль Весенняя песенка/Сем Алт/цп 0,05 гр. двулетник;37
Цветы разные (однолетние);Цветы Лейя Принцесса изящная/Сем Алт/цп 0,1гр.;37
Цветы разные (однолетние);Цветы Малопа Розовая фантазия/Сем Алт/цп 0,5 гр.;45
Цветы разные (однолетние);Цветы Маттиола Вечерний Аромат/Сем Алт/цп 0,1 гр. Ароматы ночи;38
Цветы разные (однолетние);Цветы Мезембриантемум Волшебный ковер/Сем Алт/цп 0,1;32
Цветы разные (однолетние);Цветы Мирабилис Ночная Красавица/Сем Алт/цп 0,3 гр. Ароматы ночи;37
Цветы разные (однолетние);Цветы Молочай Горный снег окаймленный/Сем Алт/цп 0,5 гр.;48
Цветы разные (однолетние);Цветы Немофила Смесь окрасок/Сем Алт/цп 0,1 гр. Альпийская горка;37
Цветы разные (однолетние);Цветы Нигелла Дамасская смесь/Сем Алт/цп 0,5 гр.;32
Цветы разные (однолетние);Цветы Нолана странная Белая птица/Сем Алт/цп 0,3 гр. Альпийская горка;52
Цветы разные (однолетние);Цветы Нолана странная Синяя птица/Сем Алт/цп 0,3 гр. Альпийская горка НОВИНКА;54
Цветы разные (однолетние);Цветы Остеоспермум Небо и Лед/Сем Алт/цп 0,1 гр.;45
Цветы разные (однолетние);Цветы Остеоспермум Смесь эклона низкорослая/Сем Алт/цп 0,1 гр.;55
Цветы разные (однолетние);Цветы Рудбекия хирта Глориоза/Сем Алт/цп 0,05 гр.;38
Цветы разные (однолетние);Цветы Рудбекия хирта Глориоза/Сем Алт/цп 0,2 гр.;34
Цветы разные (однолетние);Цветы Рудбекия Хирта Мои друзья/Сем Алт/цп 0,2 гр.;39
Цветы разные (однолетние);Цветы Рудбекия хирта Осенний Лес/Сем Алт/цп 0,05 гр.;38
Цветы разные (однолетние);Цветы Сальпиглоссис Супербиссима смесь/Сем Алт/цп 0,05 гр.;38
Цветы разные (однолетние);Цветы Скабиоза Темно-Пурпурная смесь/Сем Алт/цп 0,2 гр.;42
Цветы разные (однолетние);Цветы Титония Красный факел/Сем Алт/цп 0,1 гр.;30
Цветы разные (однолетние);Цветы Тыква Мозаика декоративная/Сем Алт/цп 0,5 гр. Вьющиеся растения;42
Цветы разные (однолетние);Цветы Фацелия Голубая колокольчатая/Сем Алт/цп 0,3 гр. Альпийская горка НОВИНКА;46
Цветы разные (однолетние);Цветы Цинерария Белеющая/Сем Алт/цп 0,05 гр.;42
Цветы разные (однолетние);Цветы Цинерария Серебряная Пыль/Сем Алт/цп 0,05 гр.;48
Цветы разные (однолетние);Цветы Шалфей Виктория Блю мучнистый/Сем Алт/цп 10 шт. НОВИНКА;79
Цветы разные (однолетние);Цветы Шалфей Виктория Вайт мучнистый/Сем Алт/цп 10 шт. НОВИНКА;75
Целозия;Цветы Целозия Айс Крим Вишневый факел перистая/Сем Алт/цп 10 шт.;75
Целозия;Цветы Целозия Айс Крим Вишневый факел перистая/Сем Алт/цп 7 шт.;75
Целозия;Цветы Целозия Айс Крим Оранжевый факел перистая/Сем Алт/цп 10 шт.;75
Целозия;Цветы Целозия Айс Крим Розовый факел перистая/Сем Алт/цп 7 шт.;65
Целозия;Цветы Целозия Айс Крим Смесь окрасок перистая/Сем Алт/цп 10 шт.;75
Целозия;Цветы Целозия Высокая смесь гребенчатая/Сем Алт/цп 0,1 гр.;38
Целозия;Цветы Целозия Кимоно Алая заря перистая/Сем Алт/цп 10 шт.;85
Целозия;Цветы Целозия Кимоно Желтый факел перистая/Сем Алт/цп 10 шт.;85
Целозия;Цветы Целозия Кимоно Оранжевый закат перистая/Сем Алт/цп 10 шт.;85
Целозия;Цветы Целозия Кимоно Смесь перистая/Сем Алт/цп 7 шт.;80
Целозия;Цветы Целозия Коралловый Сад гребенчатая/Сем Алт/цп 0,2гр.;42
Целозия;Цветы Целозия перистая Алый шлейф/Сем Алт/цп 0,2 гр.;38
Целозия;Цветы Целозия перистая Золотой шлейф/Сем Алт/цп 0,2;38
Целозия;Цветы Целозия перистая Лилипут смесь/Сем Алт/цп 0,1 гр.;39
Целозия;Цветы Целозия Перистая Смесь/Сем Алт/цп 0,05 гр.;38
Целозия;Цветы Целозия Перистая Смесь/Сем Алт/цп 0,2 гр.;34
Цинния;Цветы Цинния Алое пламя георгиноцветковая/Сем Алт/цп 0,2 гр.;38
Цинния;Цветы Цинния Бог Огня кактусовидная/Сем Алт/цп 0,2 гр.;39
Цинния;Цветы Цинния Волшебная Роза/Сем Алт/цп 0,2 гр.;38
Цинния;Цветы Цинния Волшебная Роза/Сем Алт/цп 0,3 гр.;39
Цинния;Цветы Цинния Георгиноцветковая смесь/Сем Алт/цп 0,2 гр.;38
Цинния;Цветы Цинния Дабл Захара Калейдоскоп/Сем Алт/цп 5 шт.;105
Цинния;Цветы Цинния Дабл Захара Оранжевое чудо/Сем Алт/цп 5 шт.;110
Цинния;Цветы Цинния Дабл Захара Розовая фантазия/Сем Алт/цп 5 шт.;110
Цинния;Цветы Цинния Дабл Захара Солнечные блики/Сем Алт/цп 5 шт.;110
Цинния;Цветы Цинния Дабл Захара Черри/Сем Алт/цп 5 шт.;110
Цинния;Цветы Цинния Дабл Захара Языки пламени/Сем Алт/цп 5 шт.;110
Цинния;Цветы Цинния Захара Лимонадный коктейль/Сем Алт/цп 5 шт.;105
Цинния;Цветы Цинния Захара Огненная вспышка/Сем Алт/цп 5 шт.;105
Цинния;Цветы Цинния Захара Праздник лета/Сем Алт/цп 5 шт.;115
Цинния;Цветы Цинния Захара Северная звезда/Сем Алт/цп 5 шт.;110
Цинния;Цветы Цинния Золотой соверен/Сем Алт/цп 0,2 гр.;37
Цинния;Цветы Цинния Золотой соверен/Сем Алт/цп 0,3 гр.;39
Цинния;Цветы Цинния Изабеллина изящная/Сем Алт/цп 0,3 гр.;32
Цинния;Цветы Цинния Кактусовидная смесь/Сем Алт/цп 0,2 гр.;38
Цинния;Цветы Цинния Кактусовидная смесь/Сем Алт/цп 0,3 гр.;34
Цинния;Цветы Цинния Калифорнийские гиганты/Сем Алт/цп 0,2 гр.;38
Цинния;Цветы Цинния Кан Кан изящная/Сем Алт/цп 0,3 гр.;39
Цинния;Цветы Цинния Карусель изящная/Сем Алт/цп 0,2 гр.;39
Цинния;Цветы Цинния Карусель изящная/Сем Алт/цп 0,3 гр.;36
Цинния;Цветы Цинния Кураж Белая карликовая/Сем Алт/цп 0,2 гр.;48
Цинния;Цветы Цинния Кураж Белая карликовая/Сем Алт/цп 0,3 гр.;58
Цинния;Цветы Цинния Кураж Желтая карликовая/Сем Алт/цп 0,2 гр.;48
Цинния;Цветы Цинния Кураж Красная карликовая/Сем Алт/цп 0,2 гр.;48
Цинния;Цветы Цинния Кураж смесь карликовая/Сем Алт/цп 0,2 гр.;44
Цинния;Цветы Цинния Лавандовая мечта георгиновидная/Сем Алт/цп 0,2 гр.;38
Цинния;Цветы Цинния Летнее Ассорти/Сем Алт/цп 0,2 гр.;38
Цинния;Цветы Цинния лилипут Белая Шапочка/Сем Алт/цп 0,2 гр.;38
Цинния;Цветы Цинния лилипут Белая Шапочка/Сем Алт/цп 0,3 гр.;39
Цинния;Цветы Цинния лилипут Желтая шапочка/Сем Алт/цп 0,2 гр.;38
Цинния;Цветы Цинния лилипут Желтая шапочка/Сем Алт/цп 0,3 гр.;40
Цинния;Цветы Цинния лилипут Красная шапочка/Сем Алт/цп 0,2 гр.;39
Цинния;Цветы Цинния Лилипут Смесь окрасок/Сем Алт/цп 0,2 гр.;38
Цинния;Цветы Цинния Лилипут Смесь окрасок/Сем Алт/цп 0,3 гр.;34
Цинния;Цветы Цинния Лиловый Император кактусовидная/Сем Алт/цп 0,2 гр.;39
Цинния;Цветы Цинния Мексика хаагена/Сем Алт/цп 0,3 гр.;48
Цинния;Цветы Цинния Мечта/Сем Алт/цп 0,2 гр.;38
Цинния;Цветы Цинния Мечта/Сем Алт/цп 0,3 гр.;36
Цинния;Цветы Цинния Оранжевый Ацтек кактусовидная/Сем Алт/цп 0,2 гр.;39
Цинния;Цветы Цинния Оранжевый Король/Сем Алт/цп 0,2 гр.;36
Цинния;Цветы Цинния Оранжевый Король/Сем Алт/цп 0,3 гр.;34
Цинния;Цветы Цинния Пеперминт Стик/Сем Алт/цп 0,3 гр.;38
Цинния;Цветы Цинния Персидский Ковер хаагена/Сем Алт/цп 0,3 гр.;46
Цинния;Цветы Цинния Полярный Медведь/Сем Алт/цп 0,2 гр.;36
Цинния;Цветы Цинния Полярный Медведь/Сем Алт/цп 0,3 гр.;34
Цинния;Цветы Цинния Птичка Канарейка/Сем Алт/цп 0,3 гр.;34
Цинния;Цветы Цинния Розовая низкорослая/Сем Алт/цп 0,2 гр.;38
Цинния;Цветы Цинния Скабиозоцветковая Смесь окрасок/Сем Алт/цп 0,3 гр.;34
Цинния;Цветы Цинния Смесь Окрасок Изящная/Сем Алт/цп 0,2 гр.;38
Цинния;Цветы Цинния Смесь Окрасок Изящная/Сем Алт/цп 0,3 гр.;37
Цинния;Цветы Цинния Супер Йога изящная/Сем Алт/цп 0,3 гр.;38
Цинния;Цветы Цинния Тумбелина смесь Карликовая/Сем Алт/цп 0,2 гр.;38
Цинния;Цветы Цинния Фиолетовая Королева георгиноцв./Сем Алт/цп 0,2 гр.;38
Цинния;Цветы Цинния Хризантемовидная смесь/Сем Алт/цп 0,2 гр.;39
Цинния;Цветы Цинния Хризантемовидная смесь/Сем Алт/цп 0,3 гр.;42
Цинния;Цветы Цинния Черри Квин георгиноцветковая/Сем Алт/цп 0,2 гр.;32
Цинния;Цветы Цинния Черри Квин изящная/Сем Алт/цп 0,3 гр.;34
Цинния;Цветы Эустома Мариачи F1 Желтая/Сем Алт/цп 3 шт.;125
Шалфей;Цветы Шалфей Фэйри Куин мучнистый/Сем Алт/цп 5 шт. НОВИНКА;64
Эшшольция;Цветы Эшшольция Альба/Сем Алт/цп 0,2 гр.;37
Эшшольция;Цветы Эшшольция Балерина/Сем Алт/цп 0,1 гр.;38
Эшшольция;Цветы Эшшольция Колокольчики/Сем Алт/цп 0,2 гр.;32
Эшшольция;Цветы Эшшольция Красный Вождь/Сем Алт/цп 0,2 гр.;32
Эшшольция;Цветы Эшшольция Лиловый луч/Сем Алт/цп 0,2 гр.;32
Эшшольция;Цветы Эшшольция Малиновый король/Сем Алт/цп 0,2 гр.;32
Эшшольция;Цветы Эшшольция Смесь окрасок/Сем Алт/цп 0,2 гр.;30
Плодоносящие цветы;Цветы Гранат Карликовый/Сем Алт/цп 5 шт.;180
Плодоносящие цветы;Цветы Перец Аладдин декоративный/Сем Алт/цп 0,1 гр.;38
Плодоносящие цветы;Цветы Перец Красная ракета декоративный/Сем Алт/цп 0,05 гр.;39
Плодоносящие цветы;Цветы Перец Красная ракета декоративный/Сем Алт/цп 0,1 гр.;38
"Серия ""Альпийская горка""";Цветы Адонис летний Кроваво-красный/Сем Алт/цп 0,2 гр. Альпийская горка;37
"Серия ""Альпийская горка""";Цветы Алиссум Золотой Ковер/Сем Алт/цп 0,1 гр. многолетник Альпийская горка;38
"Серия ""Альпийская горка""";Цветы Арабис Белый Альпийский/Сем Алт/цп 0,1 гр. многолетник Альпийская горка;42
"Серия ""Альпийская горка""";Цветы Армерия Блестящая роза приморская/Сем Алт/цп 0,03 гр. многолетник Альпийская горка;40
"Серия ""Альпийская горка""";Цветы Брахикома Пурпурная малышка/Сем Алт/цп 0,05 гр. Альпийская горка НОВИНКА;39
"Серия ""Альпийская горка""";Цветы Виола Бамбини/Сем Алт/цп 0,1 гр. Альпийская горка;45
"Серия ""Альпийская горка""";Цветы Камнеломка Пурпурный ковер Арендса/Сем Алт/цп 0,01 гр. многолетник Альпийская горка;58
"Серия ""Альпийская горка""";Цветы Незабудка альпийская Розовая/Сем Алт/цп 0,1 гр. двулетник Альпийская горка;34
"Серия ""Альпийская горка""";Цветы Незабудка Смесь Окрасок альпийская/Сем Алт/цп 0,1 гр. двулетник Альпийская горка;34
"Серия ""Альпийская горка""";Цветы Нигелла Дамасская смесь/Сем Алт/цп 0,5 гр.;32
"Серия ""Альпийская горка""";Цветы Нолана странная Синяя птица/Сем Алт/цп 0,3 гр. Альпийская горка НОВИНКА;54
"Серия ""Альпийская горка""";Цветы Обриета Красный каскад/Сем Алт/цп 0,05 гр. многолетник Альпийская горка;80
"Серия ""Альпийская горка""";Цветы Обриета Пурпурный каскад/Сем Алт/цп 0,05 гр. многолетник Альпийская горка;80
"Серия ""Альпийская горка""";Цветы Портулак Махровый Смесь/Сем Алт/цп 0,1 гр. Альпийская горка;39
"Серия ""Альпийская горка""";Цветы Седум Малиновый/Сем Алт/цп 0,01гр. многолетник Альпийская горка;65
"Серия ""Альпийская горка""";Цветы Фацелия Голубая колокольчатая/Сем Алт/цп 0,3 гр. Альпийская горка НОВИНКА;46
"Серия ""Ампельные шедевры""";Цветы Алиссум Кристалл F1 Белая Волна ампельный/Сем Алт/цп 0,01 гр. Ампельные Шедевры;98
"Серия ""Ампельные шедевры""";Цветы Алиссум Кристалл F1 Смесь ампельный/Сем Алт/цп 0,01 гр. Ампельные Шедевры;98
"Серия ""Ампельные шедевры""";Цветы Алиссум Кристалл F1 Фиолетовая Волна ампельный/Сем Алт/цп 0,01 гр. Ампельные Шедевры;98
"Серия ""Ампельные шедевры""";Цветы Бакопа Блютопия F1 Голубой фонтан/Сем Алт/цп 3 шт. Ампельные шедевры;195
"Серия ""Ампельные шедевры""";Цветы Бакопа Пинктопия F1 Розовый фонтан/Сем Алт/цп 3 шт. Ампельные шедевры;195
"Серия ""Ампельные шедевры""";Цветы Бакопа Сноутопия F1 Белый фонтан/Сем Алт/цп 3 шт. Ампельные шедевры;195
"Серия ""Ампельные шедевры""";Цветы Бегония Шансон F1 Розово-белая ампельная клубневая /Сем Алт/цп 5 шт. Ампельные шедевры;68
"Серия ""Ампельные шедевры""";Цветы Бегония Шансон F1 Смесь ампельная клубневая/Сем Алт/цп 5 шт. Ампельные шедевры;68
"Серия ""Ампельные шедевры""";Цветы Бегония Шансон Оранжево - желтая ампельная клубневая/Сем Алт/цп 5 шт. Ампельные шедевры;68
"Серия ""Ампельные шедевры""";Цветы Дихондра Изумрудный Водопад/Сем Алт/цп 3 шт. Ампельные шедевры;195
"Серия ""Ампельные шедевры""";Цветы Дихондра Серебряный Водопад/Сем Алт/цп 3 шт. Ампельные шедевры;195
"Серия ""Ампельные шедевры""";Цветы Львиный зев Фейерверк F1 белый ампельный/Сем Алт/цп 5 шт. Ампельные шедевры;95
"Серия ""Ампельные шедевры""";Цветы Петуния Лавина F1 Красная/Сем Алт/цп 10 шт.;65
"Серия ""Ароматы ночи""";Цветы Алиссум Магический Ковер/Сем Алт/цп 0,1 гр. Ароматы ночи;32
"Серия ""Ароматы ночи""";Цветы Алиссум Снежный Ковер/Сем Алт/цп 0,1 гр. Ароматы ночи;39
"Серия ""Ароматы ночи""";Цветы Мирабилис Ночная Красавица/Сем Алт/цп 0,3 гр. Ароматы ночи;37
"Серия ""Ароматы ночи""";Цветы Энотера Желтая долина миссурийская/Сем Алт/цп 0,15 г. многолетник Ароматы ночи;48
"Серия ""Ароматы ночи""";Цветы Энотера ламарка Королева ночи/Сем Алт/цп 0,3 г. двулетник НОВИНКА;36
"Серия ""Ваш яркий балкон""";Цветы Алиссум Смесь для балконов/Сем Алт/цп 0,2 гр. Ваш яркий балкон;42
"Серия ""Ваш яркий балкон""";Цветы Бархатцы Веселые гномики махровые/Сем Алт/цп 0,3 гр. Ваш яркий балкон;34
"Серия ""Ваш яркий балкон""";Цветы Бархатцы Испанская Брокада махровые/Сем Алт/цп 0,3 гр. Ваш яркий балкон;34
"Серия ""Ваш яркий балкон""";Цветы Бархатцы Кармен махровые/Сем Алт/цп 0,3 гр. Ваш яркий балкон;36
"Серия ""Ваш яркий балкон""";Цветы Бархатцы Шаловливая Мариетта/Сем Алт/цп 0,3 гр. Ваш яркий балкон;36
"Серия ""Ваш яркий балкон""";Цветы Виола Крылья Бабочки/Сем Алт/цп 0,1 гр. Ваш яркий балкон;49
"Серия ""Ваш яркий балкон""";Цветы Виола Лаура/Сем Алт/цп 0,1 гр. Ваш яркий балкон;48
"Серия ""Ваш яркий балкон""";Цветы Виола Рококо Смесь/Сем Алт/цп 0,1 гр. Ваш яркий балкон;48
"Серия ""Ваш яркий балкон""";Цветы Виола Смесь Окрасок/Сем Алт/цп 0,1 гр. Ваш яркий балкон;52
"Серия ""Ваш яркий балкон""";Цветы Вьюнок Красный флаг трехцветный/Сем Алт/цп 0,5 гр. Ваш яркий балкон;38
"Серия ""Ваш яркий балкон""";Цветы Вьюнок Синий флаг трехцветный/Сем Алт/цп 0,5 гр. Ваш яркий балкон;38
"Серия ""Ваш яркий балкон""";Цветы Вьюнок Смесь окрасок трехцветный/Сем Алт/цп 0,5 гр. Ваш яркий балкон;32
"Серия ""Ваш яркий балкон""";Цветы Годеция Рембрандт/Сем Алт/цп 0,2 гр. Ваш яркий балкон;39
"Серия ""Ваш яркий балкон""";Цветы Лобелия Фонтан Cмесь плетист./Сем Алт/цп 0,02 гр. Ваш яркий балкон;34
"Серия ""Ваш яркий балкон""";Цветы Маргаритка Красный шар/Сем Алт/цп 0,05 гр. Ваш яркий балкон;55
"Серия ""Ваш яркий балкон""";Цветы Маргаритка Мария/Сем Алт/цп 0,05 гр. Ваш яркий балкон;48
"Серия ""Ваш яркий балкон""";Цветы Петуния Балконная смесь/Сем Алт/цп 0,1 гр. Ваш яркий балкон;48
"Серия ""Ваш яркий балкон""";Цветы Петуния Белый Шар/Сем Алт/цп 0,1 гр. Ваш яркий балкон;38
"Серия ""Ваш яркий балкон""";Цветы Петуния Компактная многоцветковая/Сем Алт/цп 0,1 гр. Ваш яркий балкон;44
"Серия ""Ваш яркий балкон""";Цветы Петуния Коралловая Пенка/Сем Алт/цп 0,1 гр. Ваш яркий балкон;48
"Серия ""Ваш яркий балкон""";Цветы Портулак Каламбур смесь/Сем Алт/цп 0,1 гр. Ваш яркий балкон;39
"Серия ""Ваш яркий балкон""";Цветы Смесь Уютный уголок однолетняя балконная/Сем Алт/цп 0,3 гр. Ваш яркий балкон;42
"Серия ""Ваш яркий балкон""";Цветы Флокс Красный Бархат друммонда/Сем Алт/цп 0,1 гр. Ваш яркий балкон;34
"Серия ""Вьющиеся растения""";Цветы Гиацинтовые бобы Двухцветные/Сем Алт/цп 1 гр. Вьющиеся растения;56
"Серия ""Вьющиеся растения""";Цветы Гиацинтовые бобы Рубиновая Луна/Сем Алт/цп 1 гр. Вьющиеся растения;56
"Серия ""Вьющиеся растения""";Цветы Гиацинтовые бобы Смесь декоративная/Сем Алт/цп 1 гр. Вьющиеся растения;56
"Серия ""Вьющиеся растения""";Цветы Душистый горошек Роял Смесь/Сем Алт/цп 0,5 гр. Вьющиеся растения;39
"Серия ""Вьющиеся растения""";Цветы Душистый горошек Спенсер смесь/Сем Алт/цп 0,5 гр. Вьющиеся растения;36
"Серия ""Вьющиеся растения""";Цветы Квамоклит Рубиновый ковер перистый/Сем Алт/цп 0,2 гр. Вьющиеся растения;36
"Серия ""Вьющиеся растения""";Цветы Кобея Кафедральные колокола фиолетовая лазающая/Сем Алт/цп 5 шт. Вьющиеся растения;78
"Серия ""Вьющиеся растения""";Цветы Настурция Африканка большая/Сем Алт/цп 1 гр. Вьющиеся растения;38
"Серия ""Вьющиеся растения""";Цветы Настурция Золотой Блик большая/Сем Алт/цп 1 гр. Вьющиеся растения;42
"Серия ""Вьющиеся растения""";Цветы Настурция Иноземная канарейка вьющ./Сем Алт/цп 0,7 гр. Вьющиеся растения;75
"Серия ""Вьющиеся растения""";Цветы Настурция Коричневый Блик большая/Сем Алт/цп 0,5 гр. Вьющиеся растения;34
"Серия ""Вьющиеся растения""";Цветы Настурция Красота Индии вьющ./Сем Алт/цп 0,5 гр. Вьющиеся растения;38
"Серия ""Вьющиеся растения""";Цветы Настурция Лососевый Блик большая/Сем Алт/цп 0,5 гр. Вьющиеся растения;34
"Серия ""Вьющиеся растения""";Цветы Настурция Лунный Блик большая/Сем Алт/цп 1 гр. Вьющиеся растения;38
"Серия ""Вьющиеся растения""";Цветы Настурция Оранжевый Блик большая/Сем Алт/цп 0,5 гр. Вьющиеся растения;34
"Серия ""Вьющиеся растения""";Цветы Гиацинтовые бобы Двухцветные/Сем Алт/цп 1 гр. Вьющиеся растения;56
"Серия ""Вьющиеся растения""";Цветы Гиацинтовые бобы Рубиновая Луна/Сем Алт/цп 1 гр. Вьющиеся растения;56
"Серия ""Вьющиеся растения""";Цветы Гиацинтовые бобы Смесь декоративная/Сем Алт/цп 1 гр. Вьющиеся растения;56
"Серия ""Вьющиеся растения""";Цветы Душистый горошек Роял Смесь/Сем Алт/цп 0,5 гр. Вьющиеся растения;39
"Серия ""Вьющиеся растения""";Цветы Душистый горошек Спенсер смесь/Сем Алт/цп 0,5 гр. Вьющиеся растения;36
"Серия ""Вьющиеся растения""";Цветы Квамоклит Рубиновый ковер перистый/Сем Алт/цп 0,2 гр. Вьющиеся растения;36
"Серия ""Вьющиеся растения""";Цветы Кобея Кафедральные колокола фиолетовая лазающая/Сем Алт/цп 5 шт. Вьющиеся растения;78
"Серия ""Вьющиеся растения""";Цветы Настурция Африканка большая/Сем Алт/цп 1 гр. Вьющиеся растения;38
"Серия ""Вьющиеся растения""";Цветы Настурция Золотой Блик большая/Сем Алт/цп 1 гр. Вьющиеся растения;42
"Серия ""Вьющиеся растения""";Цветы Настурция Иноземная канарейка вьющ./Сем Алт/цп 0,7 гр. Вьющиеся растения;75
"Серия ""Вьющиеся растения""";Цветы Настурция Коричневый Блик большая/Сем Алт/цп 0,5 гр. Вьющиеся растения;34
"Серия ""Вьющиеся растения""";Цветы Настурция Красота Индии вьющ./Сем Алт/цп 0,5 гр. Вьющиеся растения;38
"Серия ""Вьющиеся растения""";Цветы Настурция Лососевый Блик большая/Сем Алт/цп 0,5 гр. Вьющиеся растения;34
"Серия ""Вьющиеся растения""";Цветы Настурция Лунный Блик большая/Сем Алт/цп 1 гр. Вьющиеся растения;38
"Серия ""Вьющиеся растения""";Цветы Настурция Оранжевый Блик большая/Сем Алт/цп 0,5 гр. Вьющиеся растения;34
"Серия ""Сухоцветы""";Цветы Гелихризум Королевский размер Смесь/Сем Алт/цп 0,1 гр. Сухоцветы;39
"Серия ""Сухоцветы""";Цветы Гелихризум Махровый Смесь/Сем Алт/цп 0,1 гр. Сухоцветы;39
"Серия ""Сухоцветы""";Цветы Гомфрена Высокая Смесь окрасок/Сем Алт/цп 0,05 гр. Сухоцвет;45
"Серия ""Сухоцветы""";Цветы Краспедия Барабанные палочки шаровидная/Сем Алт/цп 0,05 гр. Сухоцветы;69
"Серия ""Сухоцветы""";Цветы Пеннисетум мохнатый злак декоративный/Сем Алт/цп 5 шт.  Сухоцветы НОВИНКА;87
"Серия ""Сухоцветы""";Цветы Смолевка Альпестрис Звездные сны/Сем Алт/цп 3 шт. НОВИНКА;85
"Серия ""Сухоцветы""";Цветы Статица Кис Дак блю/Сем Алт/цп 7 шт. Сухоцветы НОВИНКА;60
"Серия ""Сухоцветы""";Цветы Статица Кис Роуз/Сем Алт/цп 7 шт. Сухоцветы НОВИНКА;58
"Серия ""Сухоцветы""";Цветы Статица Коралловые рифы/Сем Алт/цп 0,05 гр. Сухоцветы;38
"Серия ""Сухоцветы""";Цветы Статица Крымская Смесь/Сем Алт/цп 0,05 гр. Сухоцветы;38
"Серия ""Сухоцветы""";Цветы Статица Хипстер Блю/Сем Алт/цп 5 шт. Сухоцветы НОВИНКА;58
"Серия ""Сухоцветы""";Цветы Статица Хипстер Вайт/Сем Алт/цп 5 шт. Сухоцветы НОВИНКА;58
"Серия ""Сухоцветы""";Цветы Статица Хипстер Еллоу/Сем Алт/цп 5 шт. Сухоцветы НОВИНКА;58
"Серия ""Сухоцветы""";Цветы Физалис Граунд Черри земляничный /Сем Алт/цп 0,1 гр. однолетник Сухоцветы НОВИНКА;42
Саженцы сибирских роз (3-х летние) ОСЕНЬ2025;Роза Агония (3-х летка)/Сем Алт/1шт. в коробке;410
Саженцы сибирских роз (3-х летние) ОСЕНЬ2025;Роза Альберта (3-х летка)/Премиум/Сем Алт/1шт. в коробке;495
Саженцы сибирских роз (3-х летние) ОСЕНЬ2025;Роза Амальтея (3-х летка)/Премиум/Сем Алт/1шт. в коробке;495
Саженцы сибирских роз (3-х летние) ОСЕНЬ2025;Роза Бэлль Романтик (3-х летка)а/Премиум/Сем Алт/1шт. в коробке;495
Саженцы сибирских роз (3-х летние) ОСЕНЬ2025;Роза Вау (3-х летка)/Сем Алт/1 шт. в коробке;410
Саженцы сибирских роз (3-х летние) ОСЕНЬ2025;Роза Ганимеда (3-х летка)/Премиум/Сем Алт/1шт. в коробке;495
Саженцы сибирских роз (3-х летние) ОСЕНЬ2025;Роза Грааль (3-х летка)/Премиум/Сем Алт/1шт. в коробке;495
Саженцы сибирских роз (3-х летние) ОСЕНЬ2025;Роза Доминика (3-х летка)/Сем Алт/1шт. в коробке;410
Саженцы сибирских роз (3-х летние) ОСЕНЬ2025;Роза Еллоу даймонд (3-х летка)/Сем Алт/1 шт. в коробке;410
Саженцы сибирских роз (3-х летние) ОСЕНЬ2025;Роза Карамельная мечта (3-х летка)/Крупноцветковая/Сем Алт/1шт. в коробке;475
Саженцы сибирских роз (3-х летние) ОСЕНЬ2025;Роза Кёниген фон Денемарк (3-х летка)/Сем Алт/1 шт. в коробке;410
Саженцы сибирских роз (3-х летние) ОСЕНЬ2025;Роза Комтесса (3-х летка)/Сем Алт/1шт. в коробке;410
Саженцы сибирских роз (3-х летние) ОСЕНЬ2025;Роза Лионс роуз (3-х летка)/Сем Алт/1шт. в коробке;410
Саженцы сибирских роз (3-х летние) ОСЕНЬ2025;Роза Люмьер де Луна (3-х летка)/Премиум/Сем Алт/ 1 шт. в коробке;495
Саженцы сибирских роз (3-х летние) ОСЕНЬ2025;Роза Мадам Анизетт (3-х летка)/Премиум/Сем Алт/1шт. в коробке;495
Саженцы сибирских роз (3-х летние) ОСЕНЬ2025;Роза Максим (3-х летка)/Сем Алт/1шт. в коробке;510
Саженцы сибирских роз (3-х летние) ОСЕНЬ2025;Роза Манитоба (3-х летка)/Канадская/Сем Алт/1шт. в коробке;570
Саженцы сибирских роз (3-х летние) ОСЕНЬ2025;Роза Мариетта (3-х летка)/Сем Алт/1шт. в коробке;410
Саженцы сибирских роз (3-х летние) ОСЕНЬ2025;Роза Мефона (3-х летка)/Сем Алт/1шт. в коробке;410
Саженцы сибирских роз (3-х летние) ОСЕНЬ2025;Роза Найт Сити (3-х летка)/Премиум/Сем Алт/1шт. в коробке;495
Саженцы сибирских роз (3-х летние) ОСЕНЬ2025;Роза Осирия (3-х летка)/Сем Алт/1шт. в коробке;410
Саженцы сибирских роз (3-х летние) ОСЕНЬ2025;Роза Паллада (3-х летка)/Премиум/Сем Алт/1шт. в коробке;495
Саженцы сибирских роз (3-х летние) ОСЕНЬ2025;Роза Папа Мейян (3-х летка)/Сем Алт/1шт. в коробке;410
Саженцы сибирских роз (3-х летние) ОСЕНЬ2025;Роза Папл Тайджер (3-х летка)/Сем Алт/1шт. в коробке;410
Саженцы сибирских роз (3-х летние) ОСЕНЬ2025;Роза Прауд (3-х летка)/Сем Алт/1 шт. в коробке;410
Саженцы сибирских роз (3-х летние) ОСЕНЬ2025;Роза Преферанс (3-х летка)/Сем Алт/1 шт. в коробке;410
Саженцы сибирских роз (3-х летние) ОСЕНЬ2025;Роза Родос (3-х летка)/Сем Алт/1шт. в коробке;410
Саженцы сибирских роз (3-х летние) ОСЕНЬ2025;Роза Самурай (3-х летка)/Сем Алт/1шт. в коробке;410
Саженцы сибирских роз (3-х летние) ОСЕНЬ2025;Роза Селена (3-х летка)/Сем Алт/1шт. в коробке;410
Саженцы сибирских роз (3-х летние) ОСЕНЬ2025;Роза Сивил (3-х летка)/Премиум/Сем Алт/1шт. в коробке;495
Саженцы сибирских роз (3-х летние) ОСЕНЬ2025;Роза Тесс (3-х летка)/Сем Алт/1шт. в коробке;590
Саженцы сибирских роз (3-х летние) ОСЕНЬ2025;Роза Тибет (3-х летка)/Сем Алт/1шт. в коробке;410
Саженцы сибирских роз (3-х летние) ОСЕНЬ2025;Роза Торонто (3-х летка)/Канадская/Сем Алт/1шт. в коробке;570
Саженцы сибирских роз (3-х летние) ОСЕНЬ2025;Роза Френдшип (3-х летка)/Сем Алт/1 шт. в коробке;410
Саженцы сибирских роз (3-х летние) ОСЕНЬ2025;Роза Хайлендер (3-х летка)/Сем Алт/1 шт. в коробке;410
Саженцы сибирских роз (3-х летние) ОСЕНЬ2025;Роза Черри Бренди (3-х летка)/Сем Алт/1шт. в коробке;410
Саженцы сибирских роз (3-х летние) ОСЕНЬ2025;Роза Шампань (3-х летка)/Премиум/Сем Алт/1шт. в коробке;495
Саженцы сибирских роз (3-х летние) ОСЕНЬ2025;Роза Эксплорер (3-х летка)/Сем Алт/1 шт. в коробке;410
Чайно-гибридные;Роза 3D/Сем Алт/1 шт. в коробке;510
Чайно-гибридные;Роза Августа Луиза/Сем Алт/1шт. в коробке;510
Чайно-гибридные;Роза Адажио/Сем Алт/1шт. в коробке;510
Чайно-гибридные;Роза Адмирал/Сем Алт/1шт. в коробке;510
Чайно-гибридные;Роза Айсфогель/Сем Алт/1шт. в коробке;510
Чайно-гибридные;Роза Александр Пушкин/Сем Алт/1 шт. в коробке;510
Чайно-гибридные;Роза Амбианс/Сем Алт/1шт. в коробке;510
Чайно-гибридные;Роза Анданте/Сем Алт/1шт. в коробке;510
Чайно-гибридные;Роза Аннапурна/Сем Алт/1 шт. в коробке;510
Чайно-гибридные;Роза Анри Дельбар/Сем Алт/1шт. в коробке;510
Чайно-гибридные;Роза Белла Вита/Сем Алт/1шт. в коробке;510
Чайно-гибридные;Роза Блек Баккара/Сем Алт/1шт. в коробке;510
Чайно-гибридные;Роза Блуберри/Сем Алт/1 шт. в коробке;510
Чайно-гибридные;Роза Боинг/Сем Алт/1шт. в коробке;510
Чайно-гибридные;Роза Ботеро/Сем Алт/1 шт. в коробке;510
Чайно-гибридные;Роза Бургунд 81/Сем Алт/1 шт. в коробке;510
Чайно-гибридные;Роза Бьянка/Сем Алт/1 шт. в коробке;510
Чайно-гибридные;Роза Бэлль Романтик/Сем Алт/1шт. в коробке;510
Чайно-гибридные;Роза Веддинг Беллс/Сем Алт/1 шт. в коробке;510
Чайно-гибридные;Роза Викторианский Секрет/Сем Алт/1 шт. в коробке;510
Чайно-гибридные;Роза Виолон де Ингресс/Сем Алт/1шт. в коробке;510
Чайно-гибридные;Роза Восточный Экспресс/Сем Алт/1шт. в коробке;510
Чайно-гибридные;Роза Вувузелла/Сем Алт/1шт. в коробке;510
Чайно-гибридные;Роза Гасфорта/Сем Алт/1шт. в коробке;510
Чайно-гибридные;Роза Гладиатор/Сем Алт/1 шт. в коробке;510
Чайно-гибридные;Роза Глория Дей/Сем Алт/1шт. в коробке;510
Чайно-гибридные;Роза Госпел/Сем Алт/1шт. в коробке;510
Чайно-гибридные;Роза Гравитация/Сем Алт/1шт. в коробке;510
Чайно-гибридные;Роза Графиня Диана/Сем Алт/1 шт. в коробке;510
Чайно-гибридные;Роза Дабл Делайт/Сем Алт/1шт. в коробке;510
Чайно-гибридные;Роза Дабл Дэнс/Сем Алт/1 шт. в коробке;510
Чайно-гибридные;Роза Дежавю/Сем Алт/1шт. в коробке;510
Чайно-гибридные;Роза Джумилия/Сем Алт/1 шт. в коробке;510
Чайно-гибридные;Роза Дива/Сем Алт/1шт. в коробке;510
Чайно-гибридные;Роза Дип Перпл/Сем Алт/1шт. в коробке;510
Чайно-гибридные;Роза Дольче Вита/Сем Алт/1шт. в коробке;510
Чайно-гибридные;Роза Донателло/Сем Алт/1шт. в коробке;510
Чайно-гибридные;Роза Зеленый чай/Сем Алт/1шт. в коробке;510
Чайно-гибридные;Роза Интрига/Сем Алт/1 шт. в коробке;510
Чайно-гибридные;Роза Иоганн Вольфганг фон Гете/Сем Алт/1 шт. в коробке;510
Чайно-гибридные;Роза Ирина/Сем Алт/1шт. в коробке;510
Чайно-гибридные;Роза Камея/Сем Алт/1шт. в коробке;510
Чайно-гибридные;Роза Кантри Гёрл/Сем Алт/1шт. в коробке;510
Чайно-гибридные;Роза Капри/Сем Алт/1 шт. в коробке;510
Чайно-гибридные;Роза Каприз де Майян/Сем Алт/1шт. в коробке;510
Чайно-гибридные;Роза Каралуна/Сем Алт/1 шт. в коробке;510
Чайно-гибридные;Роза Кахала/Сем Алт/1шт. в коробке;510
Чайно-гибридные;Роза Кенди аваланж/Сем Алт/1 шт. в коробке;510
Чайно-гибридные;Роза Керио/Сем Алт/1 шт. в коробке;510
Чайно-гибридные;Роза Клод Брассер/Сем Алт/1шт. в коробке;510
Чайно-гибридные;Роза Комтесса/Сем Алт/1шт. в коробке;510
Чайно-гибридные;Роза Кордес Юбилей/Сем Алт/1 шт. в коробке;510
Чайно-гибридные;Роза Кроненбург/Сем Алт/1 шт. в коробке;510
Чайно-гибридные;Роза Кэндллайт/Сем Алт/1 шт. в коробке;510
Чайно-гибридные;Роза Лето/Сем Алт/1шт. в коробке;510
Чайно-гибридные;Роза Ломоносов/Сем Алт/1шт. в коробке;510
Чайно-гибридные;Роза Лондон ай/Сем Алт/1 шт. в коробке;510
Чайно-гибридные;Роза Луи де Фюнес/Сем Алт/1шт. в коробке;510
Чайно-гибридные;Роза Ля роз оптимист/Сем Алт/1шт. в коробке;510
Чайно-гибридные;Роза Мадам Анизетт/Сем Алт/1шт. в коробке;510
Чайно-гибридные;Роза Маруся/Сем Алт/1шт. в коробке;510
Чайно-гибридные;Роза Мега Стар/Сем Алт/1шт. в коробке;510
Чайно-гибридные;Роза Мерлин Монро/Сем Алт/1шт. в коробке;510
Чайно-гибридные;Роза Мондиаль/Сем Алт/1 шт. в коробке;510
Чайно-гибридные;Роза Папагено/Сем Алт/1шт. в коробке;510
Чайно-гибридные;Роза Парфюм де Рев/Сем Алт/1 шт. в коробке;510
Чайно-гибридные;Роза Паулина/Сем Алт/1 шт. в коробке;510
Чайно-гибридные;Роза Пинк Экспрешн/Сем Алт/1 шт. в коробке;510
Чайно-гибридные;Роза Пич морн/Сем Алт/1шт. в коробке;510
Чайно-гибридные;Роза Полярная Звезда/Сем Алт/1шт. в коробке;510
Чайно-гибридные;Роза Помпеи/Сем Алт/1 шт. в коробке;510
Чайно-гибридные;Роза Прауд/Сем Алт/1 шт. в коробке;510
Чайно-гибридные;Роза Принцесса Сакура/Сем Алт/1 шт. в коробке;510
Чайно-гибридные;Роза Приорити/Сем Алт/1 шт. в коробке;510
Чайно-гибридные;Роза Рабона/Сем Алт/1шт. в коробке;510
Чайно-гибридные;Роза Ред Наоми/Сем Алт/1шт. в коробке;510
Чайно-гибридные;Роза Рене Госсини/Сем Алт/1шт. в коробке;510
Чайно-гибридные;Роза Роберто Капуччи/Сем Алт/1 шт. в коробке;510
Чайно-гибридные;Роза Розбери/Сем Алт/1шт. в коробке;510
Чайно-гибридные;Роза Саламансар/Сем Алт/1шт. в коробке;510
Чайно-гибридные;Роза Самурай/Сем Алт/1шт. в коробке;510
Чайно-гибридные;Роза Свит Аваланж/Сем Алт/1 шт. в коробке;510
Чайно-гибридные;Роза Седукцион/Сем Алт/1шт. в коробке;510
Чайно-гибридные;Роза Си-си/Сем Алт/1 шт. в коробке;510
Чайно-гибридные;Роза Сиреневый дождь/Сем Алт/1шт. в коробке;590
Чайно-гибридные;Роза Сольфеджио/Сем Алт/1шт. в коробке;510
Чайно-гибридные;Роза Соуза/Сем Алт/1 шт. в коробке;510
Чайно-гибридные;Роза Спутник/Сем Алт/1 шт. в коробке;510
Чайно-гибридные;Роза Стелла магна/Сем Алт/1шт. в коробке;510
Чайно-гибридные;Роза Таис/Сем Алт/1 шт. в коробке;510
Чайно-гибридные;Роза Тайкун/Сем Алт/1 шт. в коробке;510
Чайно-гибридные;Роза Тиара/Сем Алт/1шт. в коробке;510
Чайно-гибридные;Роза Тибет/Сем Алт/1шт. в коробке;510
Чайно-гибридные;Роза Тоффи/Сем Алт/1шт. в коробке;510
Чайно-гибридные;Роза Травиата/Сем Алт/1шт. в коробке;510
Чайно-гибридные;Роза Фиджа Негро/Сем Алт/1шт. в коробке;510
Чайно-гибридные;Роза Хай Канди/Сем Алт/1 шт. в коробке;510
Чайно-гибридные;Роза Хай Меджик/Сем Алт/1шт. в коробке;510
Чайно-гибридные;Роза Хермоза/Сем Алт/1шт. в коробке;510
Чайно-гибридные;Роза Циркус/Сем Алт/1шт. в коробке;560
Чайно-гибридные;Роза Черная Магия/Сем Алт/1шт. в коробке;510
Чайно-гибридные;Роза Черный Жемчуг/Сем Алт/1 шт. в коробке;510
Чайно-гибридные;Роза Шангри Ла/Сем Алт/1шт. в коробке;510
Чайно-гибридные;Роза Шанти/Сем Алт/1шт. в коробке;510
Чайно-гибридные;Роза Эдди Митчел/Сем Алт/1шт. в коробке;510
Чайно-гибридные;Роза Эшли/Сем Алт/1шт. в коробке;510
Шраб, Английские, Парковые;Роза Абрахам Дерби/Сем Алт/1шт. в коробке;590
Шраб, Английские, Парковые;Роза Ампир/Сем Алт/1шт. в коробке;590
Шраб, Английские, Парковые;Роза Анни Дюпрей/Сем Алт/1шт. в коробке;590
Шраб, Английские, Парковые;Роза Баллада/Сем Алт/1 шт. в коробке;590
Шраб, Английские, Парковые;Роза Беатрис/Сем Алт/1 шт. в коробке;590
Шраб, Английские, Парковые;Роза Велленшпиль/Сем Алт/1 шт. в коробке;590
Шраб, Английские, Парковые;Роза Голден зест/Сем Алт/1 шт. в коробке;590
Шраб, Английские, Парковые;Роза Голден Селебрейшн/Сем Алт/1шт. в коробке;590
Шраб, Английские, Парковые;Роза Гритингс/Сем Алт/1 шт. в коробке;590
Шраб, Английские, Парковые;Роза Джульетта/Сем Алт/1 шт. в коробке;590
Шраб, Английские, Парковые;Роза Зе Поэтс Вайф/Сем Алт/1 шт. в коробке;590
Шраб, Английские, Парковые;Роза Кейра/Сем Алт/1 шт. в коробке;590
Шраб, Английские, Парковые;Роза Ла Вилла Котта/Сем Алт/1 шт. в коробке;590
Шраб, Английские, Парковые;Роза Мами Дитьер/Сем Алт/1 шт. в коробке;590
Шраб, Английские, Парковые;Роза Мисаки/Сем Алт/1 шт. в коробке;590
Шраб, Английские, Парковые;Роза Мияби/Сем Алт/1 шт. в коробке;590
Шраб, Английские, Парковые;Роза Паллада/Сем Алт/1шт. в коробке;590
Шраб, Английские, Парковые;Роза Поль Бокюз/Сем Алт/1шт. в коробке;590
Шраб, Английские, Парковые;Роза Ротер Корсар/Сем Алт/1 шт. в коробке;590
Шраб, Английские, Парковые;Роза Сантенер Де Лей-Ле/Сем Алт/1 шт. в коробке;590
Шраб, Английские, Парковые;Роза Сивил/Сем Алт/1шт. в коробке;590
Шраб, Английские, Парковые;Роза Транквилити/Сем Алт/1 шт. в коробке;590
Шраб, Английские, Парковые;Роза Уильям Шекспир/Сем Алт/1шт. в коробке;590
Шраб, Английские, Парковые;Роза Фальстафф/Премиум/Сем Алт/1шт. в коробке;590
Шраб, Английские, Парковые;Роза Французское платье/Сем Алт/1 шт. в коробке;590
Шраб, Английские, Парковые;Роза Шампань Рококо/Сем Алт/1 шт. в коробке;590
Шраб, Английские, Парковые;Роза Шампань/Сем Алт/1шт. в коробке;590
Шраб, Английские, Парковые;Роза Шарль де Нерво/Сем Алт/1 шт. в коробке;590
Шраб, Английские, Парковые;Роза Шерлок Холмс/Сем Алт/1шт. в коробке;590
Шраб, Английские, Парковые;Роза Эглантин/Сем Алт/1 шт. в коробке;590
Шраб, Английские, Парковые;Роза Эдит/Сем Алт/1шт. в коробке;590
Шраб, Английские, Парковые;Роза Эмиль Нольде/Сем Алт/1шт. в коробке;590
Шраб, Английские, Парковые;Роза Эмильон Гийо/Сем Алт/1шт. в коробке;590
Флорибунда, Грандифлора, Плетистые;Роза Абра-Кадабра/Сем Алт/1шт. в коробке;560
Флорибунда, Грандифлора, Плетистые;Роза Ай эм Грейтфул/Сем Алт/1шт. в коробке;560
Флорибунда, Грандифлора, Плетистые;Роза Алабастер/Сем Алт/1шт. в коробке;560
Флорибунда, Грандифлора, Плетистые;Роза Амаретто/Сем Алт/1 шт. в коробке;560
Флорибунда, Грандифлора, Плетистые;Роза Андре Брише/Сем Алт/1шт. в коробке;560
Флорибунда, Грандифлора, Плетистые;Роза Байландо/Сем Алт/1 шт. в коробке;560
Флорибунда, Грандифлора, Плетистые;Роза Блю Эден/Сем Алт/1 шт. в коробке;560
Флорибунда, Грандифлора, Плетистые;Роза Бьенвеню/Сем Алт/1 шт. в коробке;560
Флорибунда, Грандифлора, Плетистые;Роза Вайкики/Сем Алт/1шт. в коробке;560
Флорибунда, Грандифлора, Плетистые;Роза Герцогиня Кристиана/Сем Алт/1 шт. в коробке;560
Флорибунда, Грандифлора, Плетистые;Роза Джеймс парк/Сем Алт/1шт. в коробке;560
Флорибунда, Грандифлора, Плетистые;Роза Ди Ди Бриджуотер/Сем Алт/1шт. в коробке;560
Флорибунда, Грандифлора, Плетистые;Роза Жюли Андриё/Сем Алт/1 шт. в коробке;560
Флорибунда, Грандифлора, Плетистые;Роза Инес Састр/Сем Алт/1 шт. в коробке;560
Флорибунда, Грандифлора, Плетистые;Роза Инзел Майнау/Сем Алт/1шт. в коробке;560
Флорибунда, Грандифлора, Плетистые;Роза Камиль Писсарро/Сем Алт/1 шт. в коробке;560
Флорибунда, Грандифлора, Плетистые;Роза Крем де Ля Крем/Сем Алт/1шт. в коробке;560
Флорибунда, Грандифлора, Плетистые;Роза Любекер Ротспон/Сем Алт/1 шт. в коробке;560
Флорибунда, Грандифлора, Плетистые;Роза Мария Тереза/Сем Алт/1 шт. в коробке;560
Флорибунда, Грандифлора, Плетистые;Роза Меджик рококо/Сем Алт/1шт. в коробке;560
Флорибунда, Грандифлора, Плетистые;Роза Мерхенцаубер/Сем Алт/1 шт. в коробке;560
Флорибунда, Грандифлора, Плетистые;Роза Мид Саммер/Сем Алт/1шт. в коробке;560
Флорибунда, Грандифлора, Плетистые;Роза Милано/Сем Алт/1шт. в коробке;560
Флорибунда, Грандифлора, Плетистые;Роза Минерва/Сем Алт/1 шт. в коробке;560
Флорибунда, Грандифлора, Плетистые;Роза Нефрит/Сем Алт/1 шт. в коробке;560
Флорибунда, Грандифлора, Плетистые;Роза Новалис/Сем Алт/1шт. в коробке;560
Флорибунда, Грандифлора, Плетистые;Роза Ноэми де Ротшильд/Сем Алт/1 шт. в коробке;560
Флорибунда, Грандифлора, Плетистые;Роза Оранж Сенсейшн/Сем Алт/1шт. в коробке;560
Флорибунда, Грандифлора, Плетистые;Роза Пандора/Сем Алт/1шт. в коробке;560
Флорибунда, Грандифлора, Плетистые;Роза Пина Бауш/Сем Алт/1шт. в коробке;560
Флорибунда, Грандифлора, Плетистые;Роза Принц Монако/Сем Алт/1шт. в коробке;560
Флорибунда, Грандифлора, Плетистые;Роза Пьер де Ронсар/Сем Алт/1 шт. в коробке;560
Флорибунда, Грандифлора, Плетистые;Роза Ред Леонардо да Винчи/Сем Алт/1 шт. в коробке;560
Флорибунда, Грандифлора, Плетистые;Роза Розенфасцинацион/Сем Алт/1 шт. в коробке;560
Флорибунда, Грандифлора, Плетистые;Роза Самба Пати/Сем Алт/1 шт. в коробке;560
Флорибунда, Грандифлора, Плетистые;Роза Симпати/Сем Алт/1 шт. в коробке;560
Флорибунда, Грандифлора, Плетистые;Роза Симсалабим/Сем Алт/1шт. в коробке;560
Флорибунда, Грандифлора, Плетистые;Роза Феникс/Сем Алт/1шт. в коробке;560
Флорибунда, Грандифлора, Плетистые;Роза Фиолетовая мечта/Сем Алт/1шт. в коробке;560
Флорибунда, Грандифлора, Плетистые;Роза Флорентина/Сем Алт/1шт. в коробке;560
Флорибунда, Грандифлора, Плетистые;Роза Эрик Таберли/Сем Алт/1 шт. в коробке;560
Спрей (мини-роза);Роза Грация/Сем Алт/1шт. в коробке;560
Спрей (мини-роза);Роза Доминика/Сем Алт/1шт. в коробке;560
Спрей (мини-роза);Роза Каталина/Сем Алт/1шт. в коробке;560
Спрей (мини-роза);Роза Кисс Кордана/Сем Алт/1шт. в коробке;560
Спрей (мини-роза);Роза Крейзи Вумен/Сем Алт/1шт. в коробке;560
Спрей (мини-роза);Роза Лувиана/Сем Алт/1шт. в коробке;560
Спрей (мини-роза);Роза Марвелоус Баблс/Сем Алт/1шт. в коробке;560
Спрей (мини-роза);Роза Найт Сити/Сем Алт/1шт. в коробке;560
Спрей (мини-роза);Роза Рефлекс/Сем Алт/1шт. в коробке;560
Спрей (мини-роза);Роза Рич Бабблз/Сем Алт/1 шт. в коробке;560
Спрей (мини-роза);Роза Стерлинг Сенсейшн/Сем Алт/1 шт. в коробке;560
Спрей (мини-роза);Роза ХиХо/Сем Алт/1шт. в коробке;560
Спрей (мини-роза);Роза Эротик Рококо/Сем Алт/1 шт. в коробке;560
Экзотика;Роза Зелёный остров Самоа/Сем Алт/1шт. в коробке;680
Экзотика;Роза Кабана/Сем Алт/1 шт. в коробке;680
Экзотика;Роза Коралл Желе/Сем Алт/1шт. в коробке;680
Экзотика;Роза Ред Монстр/Сем Алт/1 шт. в коробке;680
Экзотика;Роза Санта Барбара/Сем Алт/1шт. в коробке;680
Экзотика;Роза Сесиль де Воланж/Сем Алт/1 шт. в коробке;680
Экзотика;Роза Тсумуги/Сем Алт/1шт. в коробке;680
Cаженцы сибирского винограда ;Виноград Венус/Сем Алт/1 шт. коробке;425
Cаженцы сибирского винограда ;Виноград Долгожданный/Сем Алт/1 шт. в коробке;425
Cаженцы сибирского винограда ;Виноград Ливия/Сем Алт/1 шт. в коробке;425
Cаженцы сибирского винограда ;Виноград Олимпиада/Сем Алт/1шт. в коробке;425
Cаженцы сибирского винограда ;Виноград Элегант Сверхранний/Сем Алт/1шт. в коробке;425
Абрикос/ Персик;Абрикос Триумф Севера/ 1 шт.;585
Абрикос/ Персик;Абрикос Царский/ 1 шт.;585
Абрикос/ Персик;Абрикос Чемпион Севера/ 1шт.;585
Алыча/ Слива;Алыча Злато скифов/ 1 шт.;585
Алыча/ Слива;Алыча Кубанская Комета/ 1 шт.;585
Алыча/ Слива;Слива Волжская красавица/1 шт.;580
Алыча/ Слива;Слива Достойная/1 шт.;580
Алыча/ Слива;Слива Заречная ранняя/1 шт.;580
Алыча/ Слива;Слива уссурийская Уральские зори/ 1 шт.;580
Вишня/ Дюк/ Черешня;Вишня Апухтинская/ 1шт.;495
Вишня/ Дюк/ Черешня;Вишня войлочная Огонек/ 1шт.;420
Вишня/ Дюк/ Черешня;Вишня Молодежная/ 1шт.;495
Вишня/ Дюк/ Черешня;Вишня Тургеневка/ 1шт.;495
Вишня/ Дюк/ Черешня;Черешня Россошанская золотая/ 1 шт.;580
Вишня/ Дюк/ Черешня;Черешня Фатеж Ранняя/1шт.;580
Голубика;Голубика Блюголд/ 1 шт.;520
Голубика;Голубика Голдтраубе 71/ 1 шт.;530
Голубика;Голубика Спартан/ 1 шт.;510
Голубика;Голубика Эрлиблю/ 1 шт.;510
Груша;Груша Августовская роса/1 шт.;560
Груша;Груша Памяти Яковлева/1 шт.;560
Груша;Груша Просто Мария/ 1 шт.;560
Груша;Груша Северянка краснощекая/1 шт.;560
Груша;Груша Чудесница/1 шт.;560
Жимолость;Жимолость Синяя Птица/1 шт.;410
Ирга;Ирга/ 1шт.;380
Кизил/ Кизильник;Кизильник блестящий/ 1шт.;420
Лесная ягода;Клюква Бен Лир/1 шт.;580
Лимонник;Лимонник китайский/ 1 шт.;430
Малина / Ежевика;Ежевика Трипл Краун (бесшипная)/ 1 шт.;475
Облепиха;Облепиха Алей (мужской сорт)/1 шт.;470
Облепиха;Облепиха Превосходная (малошипная)/ 1шт.;470
Облепиха;Облепиха Чуйская (малошипная)/ 1шт.;470
Орех/ Фундук;Фундук садовый (Лещина) крупноплодный/ 1 шт.;540
Смородина;Смородина белая Версальская/ 1 шт.;430
Смородина;Смородина красная Йонкер Ван Тетс/1 шт.;430
Смородина;Смородина красная Сахарная/ 1 шт.;430
"Саженцы Сибирской селекции: купить по низким ценам от производителя Агрофирма ""Семена Алтая""! ";Шелковица Белая/ 1 шт.;430
"Саженцы Сибирской селекции: купить по низким ценам от производителя Агрофирма ""Семена Алтая""! ";Шелковица Черная/ 1 шт.;430
Яблоня;Яблоня Антоновка Зимняя/ 1 шт.;585
Яблоня;Яблоня Жигулевское/ 1 шт.;585
Яблоня;Яблоня колоновидная Васюган/ 1 шт.;740
Яблоня;Яблоня колоновидная Есения/1 шт.;740
Яблоня;Яблоня колоновидная Созвездие/1 шт.;740
Яблоня;Яблоня Яблочный спас/ 1 шт.;585
Газонная трава и сидераты в ассортименте;Вико-овсяная смесь/ 0,5 кг в пакете;75
Газонная трава и сидераты в ассортименте;Вико-овсяная смесь/ 1 кг в пакете;95
Газонная трава и сидераты в ассортименте;Газонная трава Канада Супер Грин/ 0,3 кг в пакете;285
Газонная трава и сидераты в ассортименте;Газонная трава Канада Супер Грин/ 0,5 кг в коробке;505
Газонная трава и сидераты в ассортименте;Газонная трава Спорт/ 0,3 кг в пакете;198
Газонная трава и сидераты в ассортименте;Газонная трава Спорт/ 0,45 кг в коробке;335
Газонная трава и сидераты в ассортименте;Газонная трава Универсальный/ 0,3 кг в пакете;190
Газонная трава и сидераты в ассортименте;Газонная трава Универсальный/ 0,5 кг в коробке;330
Газонная трава и сидераты в ассортименте;Газонная трава Универсальный/ 1 кг в коробке;493
Газонная трава и сидераты в ассортименте;Горчица белая/ 0,5 кг в пакете;90
Газонная трава и сидераты в ассортименте;Горчица белая/ 1 кг в пакете;155
Газонная трава и сидераты в ассортименте;Горчичный жмых / 2 л в пакете;110
Газонная трава и сидераты в ассортименте;Гречиха/ 0,5 в пакете;75
Газонная трава и сидераты в ассортименте;Гречиха/ 1 кг в пакете;125
Газонная трава и сидераты в ассортименте;Клевер Белый/ 0,2 гр. в пакете;590
Газонная трава и сидераты в ассортименте;Клевер красный/ 0,5 кг в пакете;295
Газонная трава и сидераты в ассортименте;Люпин белый/ 0,5 кг в пакете;90
Газонная трава и сидераты в ассортименте;Люпин белый/ 1 кг в пакете;155
Газонная трава и сидераты в ассортименте;Овес яровой/ 0,5 кг в пакете;55
Газонная трава и сидераты в ассортименте;Овес яровой/ 1 кг в пакете;85
Газонная трава и сидераты в ассортименте;Рапс яровой/ 0,5 кг в пакете;90
Газонная трава и сидераты в ассортименте;Редька масличная/ 0,5 кг в пакете;95
Газонная трава и сидераты в ассортименте;Рожь озимая/ 0,5 кг в пакете;65
Газонная трава и сидераты в ассортименте;Рожь озимая/ 1 кг в пакете;90
Газонная трава и сидераты в ассортименте;Смесь медоносов/ 0,5 кг в пакете;145
Газонная трава и сидераты в ассортименте;Смесь сидератов/ 0,5 кг в пакете;95
Газонная трава и сидераты в ассортименте;Смесь сидератов/ 1 кг в пакете;155
Газонная трава и сидераты в ассортименте;Фацелия/ 0,25 кг в пакете;145
Газонная трава и сидераты в ассортименте;Фацелия/ 0,5 кг в пакете;285
Газонная трава и сидераты в ассортименте;Фацелия/ 1 кг в пакете;455
Лук-севок/ Чеснок (отгрузка с 28.07.);Чеснок Озимый Богатырь/фракция 40мм+/Россия/ 0,5 кг.;225
Лук-севок/ Чеснок (отгрузка с 28.07.);Чеснок Озимый Богатырь/фракция 40мм+/Россия/ 1 кг.;385
Лук-севок/ Чеснок (отгрузка с 28.07.);Чеснок Озимый Грибовский/фракция 40мм+/Россия/ 0,5 кг.;225
Лук-севок/ Чеснок (отгрузка с 28.07.);Чеснок Озимый Грибовский/фракция 40мм+/Россия/ 1 кг.;395
Лук-севок/ Чеснок (отгрузка с 28.07.);Чеснок Озимый Любаша/фракция 40мм+/ Россия/ 1 кг.;395
Лук-севок/ Чеснок (отгрузка с 28.07.);Чеснок Озимый Любаша/фракция 40мм+/Россия/ 0,5 кг.;225
Анемона;Анемона Адмирал/ 10 шт. в уп.;302
Анемона;Анемона Биколор/ 10 шт. в уп.;276
Анемона;Анемона Бланда смесь/ 10 шт. в уп.;251
Анемона;Анемона Брайд/ 10 шт. в уп.;217
Анемона;Анемона Говернор/ 10 шт. в уп.;217
Анемона;Анемона Голландия/ 10 шт. в уп.;276
Анемона;Анемона Гора Эверест/ 10 шт. в уп.;302
Анемона;Анемона Де Каен смесь/ 10 шт. в уп.;251
Анемона;Анемона Лорд Лейтенант/ 10 шт. в уп.;302
Анемона;Анемона Мистер Фоккер/ 10 шт. в уп.;276
Анемона;Анемона Сильфид/ 10 шт. в уп.;276
Астильба;Астильба Аметист/ 1 шт. в уп.;217
Астильба;Астильба Биллберри Кейк/ 1 шт. в уп.;217
Астильба;Астильба Вайс Глория/ 1 шт. в уп.;259
Астильба;Астильба Валерия/ 1 шт. в уп.;225
Астильба;Астильба Майти Ред Куин/ 1 шт. в уп.;264
Астильба;Астильба Мохито/ 1 шт. в уп.;242
Астильба;Астильба Сенсейшн Лайтхаус/ 1 шт. в уп.;259
Астильба;Астильба Сенсейшн Салмон Бьюти/ 1 шт. в уп.;217
Бабиана, Тигридия;Тигридия смесь/ 5 шт. в уп.;251
Бегония;Бегония Нон Стоп белая/ 2 шт. в уп.;281
Бегония;Бегония Нон Стоп желтая/ 2 шт. в уп.;281
Бегония;Бегония Нон Стоп смесь/ 2 шт. в уп.;281
Бегония;Бегония Нон Стоп ярко-красная/ 2 шт. в уп.;281
Гиацинт;Гиацинт Йеллоустоун/ 2 шт. в уп.;213
Гиацинт;Гиацинт Перл Микс/ 3 шт. в уп.;264
Гиацинт;Гиацинт Чайна Пинк/ 2 шт. в уп.;217
Ирис;Ирис Агрессивли Форвард/ 1 шт. в уп.;302
Ирис;Ирис Айбрайт/ 1 шт. в уп.;272
Ирис;Ирис Аттеншн Плиз/ 1 шт. в уп.;302
Ирис;Ирис Банбури Раффлс/ 1 шт. в уп.;272
Ирис;Ирис Бианка/ 1 шт. в уп.;302
Ирис;Ирис Блэк Черри Делайт/ 1 шт. в уп.;183
Ирис;Ирис Брасси/ 1 шт. в уп.;183
Ирис;Ирис Кэтс Ай/ 1 шт. в уп.;272
Ирис;Ирис Орандж Капер/ 1 шт. в уп.;272
Ирис;Ирис Пинк Горизонт/ в уп. 1 шт.;302
Ирис;Ирис Пинк Парфейт/ 1 шт. в уп.;247
Ирис;Ирис Свонс Ин Флайт/ 1 шт. в уп.;208
Ирис;Ирис Цимаррон Стрип/ 1 шт. в уп.;234
Ирис;Ирис Черри Гарден/ 1 шт. в уп.;183
Ирис;Ирис Шазам/ 1 шт. в уп.;306
Ирис;Ирис Эвер Афтер/ 1 шт. в уп.;302
Калла;Калла Галифакс/ 2 шт. в уп.;251
Калла;Калла Капитан Вентура/ 2 шт. в уп.;310
Калла;Калла Френч кисс/ 2 шт. в уп.;251
Крокус;Крокус Баррз Пурпл/ 10 шт. в уп.;225
Крокус;Крокус Гранд Мэтр/ 10 шт. в уп.;278
Крокус;Крокус Жанна Дарк/ 10 шт. в уп.;298
Крокус;Крокус Крем Бьюти/ в уп. 10 шт. в уп.;287
Крокус;Крокус Негро Бой/ 10 шт. в уп.;316
Крокус;Крокус Романс/ в уп. 10 шт.;238
Крокус;Крокус Руби Джиант/ в уп. 10 шт.;225
Крокус;Крокус Стрипед Бьюти/ 10 шт. в уп.;302
Крокус;Крокус Уайтвелл Пурпл/ в уп. 10 шт.;225
Крокус;Крокус Файрфлай/ 10 шт. в уп.;272
Крокус;Крокус Шафран посевной/ 10 шт. в уп.;309
Лилейник;Лилейник Амадеус/ 1 шт. в уп.;293
Лилейник;Лилейник Биг Тайм Хеппи/ 1 шт. в уп.;200
Лилейник;Лилейник Вайнберри Кэнди/ 1 шт. в уп.;234
Лилейник;Лилейник Литтл Мисси/ 1 шт. в уп.;230
Лилейник;Лилейник Лонгфилдс Баттерфляй/ 1 шт. в уп.;264
Лилейник;Лилейник Найт Бекон/ 1 шт. в уп.;255
Лилейник;Лилейник Олвейз Либерти/ 1 шт. в уп.;234
Лилейник;Лилейник Силоам Нью Той/ 1 шт. в уп.;230
Лилейник;Лилейник Силоам Риббон Кэнди/ 1 шт. в уп.;234
Лилейник;Лилейник Супер Пурпл/ 1 шт. в уп.;242
Лилейник;Лилейник Эвридэйлили Пинк Винг/ 1 шт. в уп.;302
Лилейник;Лилейник Эвридэйлили Ред Риб/ 1 шт. в уп.;242
Лилейник;Лилейник Эвридэйлили Цериз/ 1 шт. в уп.;242
Лилейник;Лилейник Экстрапмент/ 1 шт. в уп.;315
Лилия;Лилия Акапулько/ 3 шт. в уп.;251
Лилия;Лилия Беверли Голд/ 3 шт. в уп.;254
Лилия;Лилия Бельведер/ 3 шт. в уп.;241
Лилия;Лилия Блэк Шарм/ 3 шт. в уп.;246
Лилия;Лилия Бразилия/ 3 шт. в уп.;264
Лилия;Лилия Вангелис/ 3 шт. в уп.;277
Лилия;Лилия Делиана/ 3 шт. в уп.;260
Лилия;Лилия Джанте Джой/ 3 шт. в уп.;220
Лилия;Лилия Джерси джой/ 3 шт. в уп.;220
Лилия;Лилия Дивайн/ 3 шт. в уп.;283
Лилия;Лилия Диззи/ 3 шт. в уп.;254
Лилия;Лилия Куинфиш/ 3 шт. в уп.;252
Лилия;Лилия Мистери Дрим/ 3 шт. в уп.;327
Лилия;Лилия Сандью/ 3 шт. в уп.;269
Лилия;Лилия Тайни Би/ 3 шт. в уп.;226
Лилия;Лилия Тайни Диамонд/ 3 шт. в уп.;229
Лилия;Лилия Тайни Комфорт/ 3 шт. в уп.;226
Лилия;Лилия Тайни Сорбет микс/ 3 шт. в уп.;227
Лилия;Лилия Фабиенн/ 3 шт. в уп.;285
Лилия;Лилия Форевер Сьюзен/ 3 шт. в уп.;292
Лилия;Лилия Фронтера/ 3 шт. в уп.;251
Лилия;Лилия Хиачи/ 3 шт. в уп.;260
Лилия;Лилия Центерфольд/ 3 шт. в уп.;282
Лилия;Лилия Цирано/ 3 шт. в уп.;259
Мускари;Мускари Бейбиз Бреф/ 10 шт. в уп.;321
Мускари;Мускари Латифолиум/ 10 шт. в уп.;295
Мускари;Мускари Сибериан Тайгер/ 10 шт. в уп.;329
Мускари;Мускари Спринг микс/ 10 шт. в уп.;331
Нарцисс;Нарцисс Айс Фоллис/ 2 шт. в уп;208
Нарцисс;Нарцисс Йеллоу Чирфулнесс/ 2 шт. в уп.;225
Пион;Пион Афина (2-3 почки)/ 1 шт. в уп.;700
Пион;Пион Бакай Белле (2-3 почки)/ 1 шт. в уп.;846
Пион;Пион Бартцелла ИТО (2-3 почки)/ 1 шт. в уп.;1245
Пион;Пион Боул Оф Бьюти (2-3 почки)/ 1 шт. в уп.;494
Пион;Пион Док. Александр Флэминг (2-3 почек)/ 1 шт. в уп.;489
Пион;Пион Ду Телл (2-3 почки)/ 1 шт. в уп.;736
Пион;Пион Импоссибл Дрим (ИТО) (2-3 почки)/ 1 шт. в уп;2803
Пион;Пион Карл Розенфилд (2-3 почек)/ 1 шт. в уп.;470
Пион;Пион Коллис Мемори (ИТО) (2-3 почек)/ Коллекционер/ 1 шт. в уп.;1663
Пион;Пион Корал Суприм (2-3 почки)/ 1 шт. в уп.;684
Пион;Пион Лемон Шифон (2-3 почки)/ Коллекционер/ 1 шт. в уп.;1857
Пион;Пион Мсье Жуль Эли (2-3 почки)/ 1 шт. в уп.;479
Пион;Пион Найс Гал (2-3 почки)/ 1 шт. в уп.;769
Пион;Пион Пинк Ардур/ 1 шт. в уп.;1587
Пион;Пион Ричез энд Фэйм (2-3 почки)/ 1 шт. в уп.;545
Ранункулюс;Ранункулюс Белый/ 10 шт. в уп.;251
Ранункулюс;Ранункулюс Желтый/ 10 шт. в уп.;251
Ранункулюс;Ранункулюс Красный/ 10 шт. в уп.;264
Ранункулюс;Ранункулюс Оранжевый/ 10 шт. в уп.;251
Ранункулюс;Ранункулюс Пикоти Оранжевый/ 10 шт. в уп.;272
Ранункулюс;Ранункулюс Пикоти Розовый/ 10 шт. в уп.;272
Ранункулюс;Ранункулюс Пурпл/ 10 шт. в уп.;264
Ранункулюс;Ранункулюс Розовый/ 10 шт. в уп.;264
Ранункулюс;Ранункулюс Смесь/ 10 шт. в уп.;264
Спараксис;Спараксис Триколор смесь/ 10 шт. в уп.;217
Тюльпан;Тюльпан Авейрон/ 2 шт. в уп.;207
Тюльпан;Тюльпан Авеню/ 2 шт. в уп.;204
Тюльпан;Тюльпан Адоре/ 2 шт. в уп.;213
Тюльпан;Тюльпан Акита/ 2 шт. в уп.;204
Тюльпан;Тюльпан Альбион Стар/ 2 шт. в уп.;179
Тюльпан;Тюльпан Амстердам/ 2 шт. в уп.;195
Тюльпан;Тюльпан Анжелика/ 2 шт. в уп.;201
Тюльпан;Тюльпан Антрацит/ 2 шт. в уп.;217
Тюльпан;Тюльпан Анфилд/ 2 шт. в уп.;200
Тюльпан;Тюльпан Апельдоорн/ 2 шт. в уп.;162
Тюльпан;Тюльпан Апельдоорнс Элит/ 2 шт. в уп.;179
Тюльпан;Тюльпан Арабиан Мистери/ 2 шт. в уп.;200
Тюльпан;Тюльпан Армани/ 2 шт. в уп.;200
Тюльпан;Тюльпан Асуан/ 2 шт. в уп.;194
Тюльпан;Тюльпан Атлантис/ 2 шт. в уп.;179
Тюльпан;Тюльпан Баллада Голд/ 2 шт. в уп.;200
Тюльпан;Тюльпан Белиция/ 2 шт. в уп.;205
Тюльпан;Тюльпан Блю Диамонд/ 2 шт. в уп.;211
Тюльпан;Тюльпан Валдивия/ в уп. 2 шт.;204
Тюльпан;Тюльпан Ван Ейк 12/+/ 2 шт. в уп.;166
Тюльпан;Тюльпан Виндхэм/ 2 шт. в уп.;187
Тюльпан;Тюльпан Голд Даст/ 2 шт. в уп.;205
Тюльпан;Тюльпан Даббл Бьюти оф Апельдорн/ 2 шт. в уп.;190
Тюльпан;Тюльпан Дабл Флэг/ 2 шт. в уп.;204
Тюльпан;Тюльпан Дабл Художник/ 2 шт. в уп.;190
Тюльпан;Тюльпан Дизайн Импрешшн/ 2 шт. в уп.;162
Тюльпан;Тюльпан Дип Пурпл Рок/ 2 шт. в уп.;200
Тюльпан;Тюльпан Доберман/ 2 шт. в уп.;200
Тюльпан;Тюльпан Дордонье/ 2 шт. в уп.;209
Тюльпан;Тюльпан Калимеро/ 2 шт. в уп.;193
Тюльпан;Тюльпан Кам-Бэк/ 2 шт. в уп.;183
Тюльпан;Тюльпан Кашарель/ 2 шт. в уп.;205
Тюльпан;Тюльпан Конго/ 2 шт. в уп.;196
Тюльпан;Тюльпан Коттон Кэнди/ 2 шт. в уп.;196
Тюльпан;Тюльпан Кристал Стар/ 2 шт. в уп.;183
Тюльпан;Тюльпан Кэнди Принс/ 2 шт. в уп.;187
Тюльпан;Тюльпан Ластинг Лов/ 2 шт. в уп.;196
Тюльпан;Тюльпан Липстик Глоу/ 2 шт. в уп.;204
Тюльпан;Тюльпан Маргарита/ 2 шт. в уп.;201
Тюльпан;Тюльпан Матч/ 2 шт. в уп.;195
Тюльпан;Тюльпан Монселла/ 2 шт. в уп.;197
Тюльпан;Тюльпан Навона/ 2 шт. в уп.;209
Тюльпан;Тюльпан Найт Клаб/ в уп. 2 шт.;207
Тюльпан;Тюльпан Нью Санта/ 2 шт. в уп.;194
Тюльпан;Тюльпан Перпл Дрим/ 2 шт. в уп.;193
Тюльпан;Тюльпан Писте/ 2 шт. в уп.;222
Тюльпан;Тюльпан Реджойс/ 2 шт. в уп.;196
Тюльпан;Тюльпан Рококо/ 2 шт. в уп.;194
Тюльпан;Тюльпан Сан Клементе/ 2 шт. в уп.;218
Тюльпан;Тюльпан Сан Кристина/ 2 шт. в уп.;218
Тюльпан;Тюльпан Сан Леандро/ 2 шт. в уп.;217
Тюльпан;Тюльпан Сан Мартин/ 2 шт. в уп.;218
Тюльпан;Тюльпан Сан Пабло/ 2 шт. в уп.;225
Тюльпан;Тюльпан Тирамису/ 2 шт. в уп.;208
Тюльпан;Тюльпан Уайт Триумфатор/ 2 шт. в уп.;191
Тюльпан;Тюльпан Флорайн Шик/ 2 шт. в уп.;206
Тюльпан;Тюльпан Хакуун/ 2 шт. в уп.;195
Тюльпан;Тюльпан Хелмар/ 2 шт. в уп.;188
Тюльпан;Тюльпан Холланд Шик/ 2 шт. в уп.;206
Тюльпан;Тюльпан Шарминг Бьюти/ 2 шт. в уп.;205
Хоста;Хоста Голден Медоус/ 1 шт. в уп.;276
Хоста;Хоста Девон Грин/ 1 шт. в уп.;238
Хоста;Хоста Дон Стевенс/ 1 шт. в уп.;217
Хоста;Хоста Мохито/ 1 шт. в уп.;230
Хоста;Хоста Патриот/ 1 шт. в уп.;238
Фирменная продукция;"Авторский Блокнот Садовода ""Семена Алтая""/ 2.2 изд-е";730
Фирменная продукция;"Блокнот-помощник садовода ""Семена Алтая""/ Часть 1/ Вредители";900
Фирменная продукция;"Блокнот-помощник садовода ""Семена Алтая""/ Часть 2/ Заболевания";900
Фирменная продукция;"Блокнот-помощник садовода ""Семена Алтая""/ Часть 3/ Питание растений";800
Фирменная продукция;Дневник (блокнот) по выращиванию томатов Карелиной В.С./ 1.2.1 изд-е;700
Фирменная продукция;Набор авторских блокнотов Карелиной В.С./ 4 в 1!;3230
Фирменная продукция;Набор авторских блокнотов Карелиной В.С./ 5 в 1!;3600
Фирменная продукция;Набор блокнотов-помощников (Часть 1-3) Карелиной В.С./ 3 в 1!;2400
Фирменная продукция;"Фартук ""Семена Алтая""/ изумрудно-зеленый";1700
Фирменная продукция;"Фартук ""Семена Алтая""/ темно-синий";1700
Фирменная продукция;"Шопер ""Зря Вы со мной физалис""";600
Фирменная продукция;"Шопер ""Оцени мой LOOK""";600
Фирменная продукция;"Шопер ""Руколы из правильного места""";600
Фирменная продукция;"Шопер ""Твой будущий урожай внутри""";600
Фирменная продукция;"Шопер с логотипом ""Семена Алтая""";600
Барбарис;Барбарис Тунберга Ред Пиллар/ 1 шт.;475
Барбарис;Барбарис Тунберга Рэд Рокет/ 1 шт.;475
Буддлея;Буддлея Вейера Флауэр Пауэр/ 1 шт.;540
Буддлея;Буддлея Давида Нано Блю/ 1 шт.;540
Гортензия;Гортензия Аннабелле/ 1 шт.;520
Гортензия;Гортензия Ванилле Фрайз/ 1 шт.;555
Гортензия;Гортензия Вимc Ред/ 1 шт.;545
Гортензия;Гортензия Геркулес/ 1 шт.;550
Гортензия;Гортензия Литтл Роузи/ 1 шт.;620
Гортензия;Гортензия Литтл Спооки/ 1 шт.;510
Гортензия;Гортензия Мася/ 1 шт.;498
Гортензия;Гортензия Строуберри Блоссом/ 1 шт.;620
Дёрен;Дёрен белый Элегантиссима/ 1 шт.;495
Лапчатка (курильский чай);Лапчатка Голдфингер/ 1 шт.;420
Спирея;Спирея японская Антони Ватерер/ 1 шт.;455
Спирея;Спирея японская Криспа/ 1 шт.;455
Хвойные кустарники;Ель колючая Блю Даймонд/ P9/ 10-15 см/ 1 шт.;835
Хвойные кустарники;Кипарисовик Лавсона Ивона/ Р9/ 20-25 см/ 1 шт.;430
Хвойные кустарники;Кипарисовик Лавсона Сноу Уайт/ P9/ 20-25 см/ 1 шт.;410
Хвойные кустарники;Можжевельник Блю Компакт/ P9/ 10-15 см/ 1 шт.;430
Хвойные кустарники;Можжевельник Блю Эрроу/ P9/ 10-15 см/ 1 шт.;445
Хвойные кустарники;Можжевельник Вариегата/ P9/ 15-20 см/ 1 шт.;525
Хвойные кустарники;Можжевельник Гринмантл/ P9/ 10-15 см/ 1 шт.;385
Хвойные кустарники;Можжевельник Жаде Ривер/ Р9/ 15-20 см/ 1 шт.;455
Хвойные кустарники;Можжевельник Сентинел/ Р9/ 20-25 см/ 1 шт.;445
Хвойные кустарники;Можжевельник Спартан/ Р9/ 20-25 см/ 1 шт.;455
Хвойные кустарники;Сосна горная Мугус/ P9/ 10-15 см/ 1 шт.;455
Хвойные кустарники;Сосна горная Унцината/ P9/ 15-20 см/ 1 шт.;435
Хвойные кустарники;Туя восточная Пирамидалис Ауреа/ P9/ 20-25 см/ 1 шт.;435
Хвойные кустарники;Туя западная Кинг оф Брабант/ P9/ 25-30 см/ 1 шт.;455
Хвойные кустарники;Туя западная Литл Джем/ P9/ 20-25 см/ 1 шт.;455
Хвойные кустарники;Туя западная Мики/ P9/ 10-15 см/ 1 шт.;445
Хвойные кустарники;Туя западная Смарагд/ P9/ 30-40 см/ 1 шт.;445
Чубушник (жасмин садовый);Чубушник Белле Этоль/ 1 шт.;490
Грунт и почвобрикеты в ассортименте;Агромел раскислитель/ 1 кг.;58
Грунт и почвобрикеты в ассортименте;Агропесок/ 1 л.;38
Грунт и почвобрикеты в ассортименте;"Биогрунт Богатырь ""Для рассады универсальный"" 10 л";175
Грунт и почвобрикеты в ассортименте;"Биогрунт Богатырь ""Для рассады универсальный"" 20 л";295
Грунт и почвобрикеты в ассортименте;"Биогрунт Богатырь ""Для рассады универсальный"" 5 л";120
Грунт и почвобрикеты в ассортименте;"Биогрунт Богатырь ""Для томатов, перца и баклажанов"" 10 л";175
Грунт и почвобрикеты в ассортименте;"Биогрунт Богатырь ""Для томатов, перца и баклажанов"" 20 л";295
Грунт и почвобрикеты в ассортименте;Биогумус в гранулах /2 кг.;125
Грунт и почвобрикеты в ассортименте;Вермикулит/ 2 л.;95
Грунт и почвобрикеты в ассортименте;"Грунт Наша Дача ""Для комнатных цветов"" 10 л.";165
Грунт и почвобрикеты в ассортименте;"Грунт Наша Дача ""Для комнатных цветов"" 2,5 л";78
Грунт и почвобрикеты в ассортименте;"Грунт Наша Дача ""Для комнатных цветов"" 5 л";115
Грунт и почвобрикеты в ассортименте;"Грунт Наша Дача ""Любимая Роза"" 20 л";265
Грунт и почвобрикеты в ассортименте;"Грунт Наша Дача ""Овощная грядка"" 10 л";160
Грунт и почвобрикеты в ассортименте;"Грунт Флорика ""Профи Универсал"" 2,5 л";105
Грунт и почвобрикеты в ассортименте;"Грунт Флорика ""Профи Универсал"" 5 л";165
Грунт и почвобрикеты в ассортименте;Диатомит обоженный /1 кг.;85
Грунт и почвобрикеты в ассортименте;Зола растительная (раскислитель) / 1 л в пакете;75
Грунт и почвобрикеты в ассортименте;Зола растительная (раскислитель) / 2 л в пакете;115
Грунт и почвобрикеты в ассортименте;Керамзит средне-крупный/ 2,5 л.;40
Грунт и почвобрикеты в ассортименте;Керамзит/ Крупный/ 1 л.;38
Грунт и почвобрикеты в ассортименте;Керамзит/ Крупный/ 2 л.;55
Грунт и почвобрикеты в ассортименте;Керамзит/ Средний/ 1 л.;38
Грунт и почвобрикеты в ассортименте;Керамзит/ Средний/ 2 л.;55
Грунт и почвобрикеты в ассортименте;Кокосовый брикет/ PRO AGRO/ 650 гр.;225
Грунт и почвобрикеты в ассортименте;Компост на основе куриного помета в гранулах /1 кг.;75
Грунт и почвобрикеты в ассортименте;Конский перегной в гранулах /2 кг.;128
Грунт и почвобрикеты в ассортименте;Конский перегной в гранулах/ 1 кг.;78
Грунт и почвобрикеты в ассортименте;Кора сосновая /5л.;115
Грунт и почвобрикеты в ассортименте;Кора сосновая/ 2 л.;45
Грунт и почвобрикеты в ассортименте;Куриный перегной в гранулах /2 кг.;120
Грунт и почвобрикеты в ассортименте;Мох сфагнум/ 1 л.;55
Грунт и почвобрикеты в ассортименте;Набор компонентов земляная Орхидея ЛЮКС/ 2.5 л.;95
Грунт и почвобрикеты в ассортименте;Перлит/ 2 л.;55
Грунт и почвобрикеты в ассортименте;Почвобрикет Бегония круглый /БиоМастер/ 2,5л;65
Грунт и почвобрикеты в ассортименте;Почвобрикет Герань круглый /БиоМастер/ 2,5л;65
Грунт и почвобрикеты в ассортименте;Почвобрикет Дивная петуния, 10л с гидрогелем БиоМастер;138
Грунт и почвобрикеты в ассортименте;Почвобрикет Комнатные цветы круглый /БиоМастер/ 2,5л;65
Грунт и почвобрикеты в ассортименте;Почвобрикет Крепкая рассада /БиоМастер/ 10л;128
Грунт и почвобрикеты в ассортименте;Почвобрикет Пальма круглый /БиоМастер/ 2,5 л.;65
Грунт и почвобрикеты в ассортименте;Почвобрикет Пышная азалия /БиоМастер/ 5 л.;88
Грунт и почвобрикеты в ассортименте;Почвобрикет Сенполия круглый /БиоМастер/ 2,5л;65
Грунт и почвобрикеты в ассортименте;Почвобрикет Томат и перец /БиоМастер/ 10 л;128
Грунт и почвобрикеты в ассортименте;Почвобрикет Универсальный /БиоМастер/ 10 л;128
Грунт и почвобрикеты в ассортименте;Почвобрикет Универсальный /БиоМастер/ 5л;88
Грунт и почвобрикеты в ассортименте;Почвобрикет Цветочный сад /БиоМастер/ 10л;128
Грунт и почвобрикеты в ассортименте;Почвобрикет Цветочный сад /БиоМастер/ 5 л;88
Грунт и почвобрикеты в ассортименте;Почвобрикет Чудный лимон /БиоМастер/ 5 л.;88
Грунт и почвобрикеты в ассортименте;Почвобрикет Шикарная роза /БиоМастер/ 5л;88
Грунт и почвобрикеты в ассортименте;Уголь древесный/ 2 л.;75
Кашпо и контейнеры;Кашпо+усы 4 л NICOL терракот;110
Кашпо и контейнеры;Кашпо+усы белый/ 3 л.;85
Кашпо и контейнеры;Кашпо+усы терракот/ 3 л.;85
Кашпо и контейнеры;Контейнер квадратный (9см*9см*10см)/ 0,5 л.;10
Торфяные таблетки и емкости для рассады в ассортименте;Кассета 24 ячеек/ 230 мл/ 52х31х6,5/ 1 шт.;95
Торфяные таблетки и емкости для рассады в ассортименте;Кассета 6 ячеек /1 шт.;15
Торфяные таблетки и емкости для рассады в ассортименте;Мини-тепличка малая 10 ячеек с торфяными таблетками Jiffy-7 (d=44);265
Торфяные таблетки и емкости для рассады в ассортименте;Мини-тепличка малая 12 ячеек с торфяными таблетками Jiffy-7 (d=33);255
Торфяные таблетки и емкости для рассады в ассортименте;Парник на подоконник 2-х местный/ 16х39х6,5;75
Торфяные таблетки и емкости для рассады в ассортименте;Парник на подоконник на 1 место 21х16х6,5;38
Торфяные таблетки и емкости для рассады в ассортименте;Торфяной горшочек круглый 105*100 /20 шт. в уп.;145
Торфяные таблетки и емкости для рассады в ассортименте;Торфяной горшочек круглый 80*80 /20 шт. в уп.;145
Торфяные таблетки и емкости для рассады в ассортименте;Торфяные таблетки Jiffy-7 (d=24 мм);9
Торфяные таблетки и емкости для рассады в ассортименте;Торфяные таблетки Jiffy-7 (d=33 мм);9
Торфяные таблетки и емкости для рассады в ассортименте;Торфяные таблетки Jiffy-7 (d=36 мм);10
Торфяные таблетки и емкости для рассады в ассортименте;Торфяные таблетки Jiffy-7 (d=41 мм);10
Торфяные таблетки и емкости для рассады в ассортименте;Торфяные таблетки Jiffy-7 (d=44 мм);11
Пакеты для саженцев;Пакет для саженцев 0,25 л (10*14)/ 100мкм/ 20 шт.;45
Пакеты для саженцев;Пакет для саженцев 0,35 л (13*14)/ 100мкм/ 20 шт.;50
Пакеты для саженцев;Пакет для саженцев 0,5 л (16*14)/ 100мкм/ 20 шт.;65
Пакеты для саженцев;Пакет для саженцев 0,7 л (16*17)/ 100мкм/ 20 шт.;68
Пакеты для саженцев;Пакет для саженцев 1 л (16*20)/ 100мкм/ 20 шт.;75
Обучающие материалы;"Авторский Блокнот Садовода ""Семена Алтая""/ 2.2 изд-е";730
Обучающие материалы;"Блокнот-помощник садовода ""Семена Алтая""/ Часть 1/ Вредители";900
Обучающие материалы;"Блокнот-помощник садовода ""Семена Алтая""/ Часть 2/ Заболевания";900
Обучающие материалы;"Блокнот-помощник садовода ""Семена Алтая""/ Часть 3/ Питание растений";800
Обучающие материалы;Дневник (блокнот) по выращиванию томатов Карелиной В.С./ 1.2.1 изд-е;700
Обучающие материалы;Набор авторских блокнотов Карелиной В.С./ 4 в 1!;3230
Обучающие материалы;Набор авторских блокнотов Карелиной В.С./ 5 в 1!;3600
Обучающие материалы;Набор блокнотов-помощников (Часть 1-3) Карелиной В.С./ 3 в 1!;2400
Биоактиваторы;Биопрепарат Дачный туалет/ 50 г.;80
Биоактиваторы;Пруд/ Зеленое Сечение/ 50 гр.;68
Биоактиваторы;Санэкс/ 100 гр.;385
Биоактиваторы;Септик для очистки канализационных стоков/ Зеленое Сечение/ 50г;75
Биоактиваторы;Ускоритель созревания компоста и септика/ ФХИ/ 0,5 л.;95
Гербициды (от сорняков);Линтур /1,8 гр.;38
Гербициды (от сорняков);Магнум/ 2 гр.;75
Гербициды (от сорняков);Стриж/ 9 гр.;65
Инсектициды (от насекомых, вредителей);Актара ВДГ /2 гр.;135
Инсектициды (от насекомых, вредителей);Актара ВДГ /Сингента/ 4 гр.;265
Инсектициды (от насекомых, вредителей);Аркана /2 мл.;35
Инсектициды (от насекомых, вредителей);Биотлин /3 мл.;55
Инсектициды (от насекомых, вредителей);Гроза-6/ 15 гр.;30
Инсектициды (от насекомых, вредителей);Гроза-6/ 60 гр.;85
Инсектициды (от насекомых, вредителей);Гром-2 /10 гр.;19
Инсектициды (от насекомых, вредителей);Гром-2/ 50 гр.;45
Инсектициды (от насекомых, вредителей);Доктор/ 8 стрел;35
Инсектициды (от насекомых, вредителей);Дымокур табачный / дымовая шашка/ БиоМастер/ 250 г;110
Инсектициды (от насекомых, вредителей);Инта-Вир (циперметрин)/ 8 гр.;30
Инсектициды (от насекомых, вредителей);ИСКРА Двойной Эффект /10 гр.;40
Инсектициды (от насекомых, вредителей);Капкан ловчий пояс/ 2 шт. в уп.;97
Инсектициды (от насекомых, вредителей);Кинмикс/ 2 мл.;30
Инсектициды (от насекомых, вредителей);Командор/ 1 мл.;35
Инсектициды (от насекомых, вредителей);Лепидоцид/ 4 мл;25
Инсектициды (от насекомых, вредителей);Мелок УМ от тараканов / 20 гр.;20
Инсектициды (от насекомых, вредителей);Мурацид/ 1 мл.;30
Инсектициды (от насекомых, вредителей);Мыло зеленое готовое с распылителем/ 1 л.;135
Инсектициды (от насекомых, вредителей);Мыло табачное готовое/ Садовые рецепты/ 1 л.;135
Инсектициды (от насекомых, вредителей);Отос/ 10 гр.;30
Инсектициды (от насекомых, вредителей);Препарат 30 плюс/ 500 мл.;355
Инсектициды (от насекомых, вредителей);Слизнеед НЕО /28 гр.;40
Инсектициды (от насекомых, вредителей);Сэмпай/ 5 мл.;39
Инсектициды (от насекомых, вредителей);Табачная пыль/ 0,65 кг в пакете;98
Инсектициды (от насекомых, вредителей);Фитоверм /4 мл.;24
Инсектициды (от насекомых, вредителей);Фуфанон-Нова/ 2 мл.;30
Репеленты (от кротов и насекомых);Жидкость для фумигатора от комаров / Таежа/ 60 ночей;85
Репеленты (от кротов и насекомых);Кротонол патроны от кротов/ 5 шт.;135
Родентициды (от грызунов);Гранулы от грызунов со вкусом мяса - Ratter 100г, родентицид;35
Родентициды (от грызунов);Клей ГРЫЗУНОФФ SUPER+ от грызунов и насекомых/ туба 135 гр.;285
Средства для защиты растений;Капкан ловчий пояс/ 2 шт. в уп.;97
Средства для защиты растений;Липосам, Биоприлипатель /8 мл.;55
Средства для защиты растений;Мыло зеленое готовое с распылителем/ 1 л.;135
Средства для защиты растений;Мыло табачное готовое/ Садовые рецепты/ 1 л.;135
Средства для защиты растений;Паста РанНет/ 150 гр.;110
Средства для защиты растений;Пугач (средство от грызунов)/ 100 мл.;120
Средства для защиты растений;Пуршат-криопротектор 0,6 л;850
Средства для защиты растений;Пуршат-О 10л;12800
Средства для защиты растений;Садовая побелка /БиоМастер/ 500 гр.;55
Средства для защиты растений;Садовая Побелка /Эко Сад/ 0,5 кг;48
Средства для защиты растений;Садовый вар для заживления ран деревьев и кустарников/ БиоМастер/ 100 г.;78
Средства для защиты растений;Средство для обработки срезов и заживления ран деревьев НОВАЯ КОРА, туба с щеткой 300 г;930
Стимуляторы, регуляторы роста растений;Атлет/ 1,5 мл.;26
Стимуляторы, регуляторы роста растений;Биоклон, гель для укоренения/ 4мл;85
Стимуляторы, регуляторы роста растений;Домоцвет/ 1 мл.;33
Стимуляторы, регуляторы роста растений;Завязь для огурцов /2 гр.;70
Стимуляторы, регуляторы роста растений;Корневин /10 гр.;30
Стимуляторы, регуляторы роста растений;НВ - 101 гранулы/ 10 гр.;145
Стимуляторы, регуляторы роста растений;Новосил, природный стимулятор роста/ ВЭ/ 1 мл;35
Стимуляторы, регуляторы роста растений;Силиплант/ 0,1 л.;215
Стимуляторы, регуляторы роста растений;Средство для подкормки HB-101/ 6 мл.;235
Стимуляторы, регуляторы роста растений;Циркон/ 1 мл.;30
Стимуляторы, регуляторы роста растений;Цитовит (макро и микроэлементы)/ 1,5 мл.;33
Стимуляторы, регуляторы роста растений;Цитокининовая паста Орхидея/ 1,5 мл.;68
Стимуляторы, регуляторы роста растений;"Экогель ""Дачный""/ 250 мл.";195
Стимуляторы, регуляторы роста растений;Эпин-Экстра/ 1 мл.;30
Удобрения;Агрикола /Экогель Антистресс/ 20 мл;48
Удобрения;Агрикола /Экогель для комнатных растений/ 20 мл;48
Удобрения;Агрикола /Экогель для семян, луковиц и рассады/ 20 мл;48
Удобрения;Азофоска 16-16-16 /1 кг;98
Удобрения;АКВАМИКС (смесь хелатов) /5 гр.;30
Удобрения;АКВАРИН Универсальный /20 гр.;20
Удобрения;Аминосил Комнатные цветы (NPK 1,6-1,8-2)/ ампула 5 мл.;65
Удобрения;Антихлороз/ 5 г.;38
Удобрения;Ароматная клубника (комплексное удобрение) / БиоМастер/ 1,2 кг;375
Удобрения;Байкал ЭМ-1/ 0,5 л.;135
Удобрения;Биогумус в гранулах /2 кг.;125
Удобрения;Биогумус обогащенный/ 1 кг.;75
Удобрения;Биогумус/ ФХИ/ 1л.;85
Удобрения;Биомолекулы для огорода на подоконнике /Удобряй! /400 мл.;530
Удобрения;Биомолекулы для цветов /Удобряй! /400 мл.;530
Удобрения;Биомолекулы СПРЕЙ для комнатных и балконных цветов /Удобряй! /500 мл.;470
Удобрения;Биоудобрение РАССАДА для профилактики заболеваний/ Зеленое Сечение/ 0,25 л;85
Удобрения;Большой помидор (комплексное минеральное удобрение)/ БиоМастер/ 1,2 кг;375
Удобрения;Борная кислота /10 гр.;30
Удобрения;Борофоска (минеральное удобрение)/ 1 кг;110
Удобрения;Гумат азота/ ФХИ/ 0,5 л.;115
Удобрения;Гумат калия для рассады/ ФХИ/  0.5 л.;85
Удобрения;Гумат калия для хвойных культур/ Долина Плодородия/ 0.5 л;85
Удобрения;Гумат калия для цветов/ ФХИ/ 0.5 л.;85
Удобрения;Гумат калия овощной/ Долина Плодородия/ 0.5 л;85
Удобрения;Гумат калия универсал/ ФХИ/ 0.5 л.;85
Удобрения;Гумат+7/ 50 гр.;45
Удобрения;Диаммофоска (минеральное удобрение) / БиоМастер/ 1 кг;110
Удобрения;Домоцвет/ 1 мл.;33
Удобрения;Завязь для огурцов /2 гр.;70
Удобрения;Зола растительная (раскислитель) / 1 л в пакете;75
Удобрения;Зола растительная (раскислитель) / 2 л в пакете;115
Удобрения;Изумрудные хвойные, 1,2кг, комплексное минеральное удобрение;375
Удобрения;Изюминка удобрение для винограда/ ФХИ/ 1 кг.;195
Удобрения;Калий хлористый (минеральное удобрение)/ 1 кг;110
Удобрения;Калимаг/ минеральное удобрение/ Биомастер/ 1кг.;145
Удобрения;Карбамид, N-46 (минеральное удобрение) /БиоМастер/ 1 кг;110
Удобрения;Картофельная формула удобрение для картофеля /5 кг;395
Удобрения;Картофельная формула удобрения для картофеля/ 1 кг.;95
Удобрения;Клубника биофунгицид 2в1/ Садовые Рецепты/ 10 гр.;38
Удобрения;Компост на основе куриного помета в гранулах /1 кг.;75
Удобрения;Конская сила/ 6 таб.;135
Удобрения;Конский перегной в гранулах /2 кг.;128
Удобрения;Конский перегной в гранулах/ 1 кг.;78
Удобрения;Красный богатырь (комплекс удобрений)/ БиоМастер/ 1 кг;245
Удобрения;Кристалон Огуречный /20 гр.;48
Удобрения;Кристалон Томатный /20 гр.;48
Удобрения;Кристалон Цветочный /20 гр.;38
Удобрения;Куриный перегной в гранулах /2 кг.;120
Удобрения;Лук-чеснок биофунгицид 2в1/ Садовые Рецепты/ 10 гр.;38
Удобрения;Луковая грядка (комплекс удобрений)/ БиоМастер/ 1 кг.;245
Удобрения;Микориза для комнатных цветов /10 гр.;48
Удобрения;Микориза для рассады /10 гр.;47
Удобрения;Микориза Саженцы  /50 гр.;145
Удобрения;Микориза Универсал /50 гр.;75
Удобрения;Минеральное удобрение Капуста /ФХИ/ 50 гр.;35
Удобрения;Минеральное удобрение Клубника-земляника/ ФХИ/ 50 гр.;35
Удобрения;Минеральное удобрение Лук-чеснок /ФХИ/ 50 гр.;35
Удобрения;Минеральное удобрение Огурец-кабачок /ФХИ/ 50 гр.;35
Удобрения;Минеральное удобрение Томат- перец-баклажан /ФХИ/ 50 гр.;30
Удобрения;Монокалийфосфат, 15 г - На ведро!, минеральное удобрение;35
Удобрения;Мука костная/ 1 кг;125
Удобрения;НВ - 101 гранулы/ 10 гр.;145
Удобрения;Нитрофоска 14-15-14/ 1кг.;115
Удобрения;Огурец биофунгицид 2в1/ Садовые Рецепты/ 10 гр.;38
Удобрения;Палочки 3D для Комнатных и террасных растений 20 шт.(NPK 14-15-14)/ 60 гр.;145
Удобрения;Подкормка для срезанных цветов /Florizel/10 гр.;35
Удобрения;Пышная гортензия (комплексное минеральное удобрение) /БиоМастер/ 1,2 кг;375
Удобрения;Рассада биофунгицид 2в1/ Садовые Рецепты/ 10 гр.;38
Удобрения;Розовый сад (от Хомы)/ 1 кг.;225
Удобрения;Сапропель в гранулах/ Florizel/ 2 кг.;175
Удобрения;Селитра азотно-магниевая/ БиоМастер/ 1 кг;105
Удобрения;Селитра калиевая/ 20 гр;35
Удобрения;Селитра кальциевая /20 гр.;30
Удобрения;Селитра кальциевая гуматизированная /10 гр.;30
Удобрения;Силиплант/ 0,1 л.;215
Удобрения;Сладкий Виноград (комплексное минеральное удобрение) /БиоМастер/ 1,2 кг.;375
Удобрения;Сочные плодовые/ КМУ/ БиоМастер/ 1,2 кг.;375
Удобрения;Сульфат марганца/ 10 гр.;30
Удобрения;Суперфосфат двойной (минеральное удобрение)/ 1 кг;110
Удобрения;Сухое органическое удобрение для лука и чеснока /Удобряй! /1 кг.;530
Удобрения;Сухое органическое удобрение для цветов /Удобряй! /1 кг.;530
Удобрения;Сухое органическое удобрение для ягод /Удобряй! /1 кг.;530
Удобрения;Томат биофунгицид 2в1/ Садовые Рецепты/ 10 гр.;38
Удобрения;Удобрение PROAGRO Огурец/ 30 гр.;30
Удобрения;Удобрение PROAGRO Томат/ 30 гр.;30
Удобрения;Удобрение для всех видов орхидей/ 30 г;30
Удобрения;Удобрение для гортензий/ ФХИ/ 1 кг.;235
Удобрения;Удобрение для роз, азалий и других цветущих растений/ 30 г.;35
Удобрения;Удобрение для томатов КРАСНЫЙ ВЕЛИКАН с комплексом ИСПК Рубин-5 (весна -лето)/ 1кг;175
Удобрения;Удобрение универсальное для всех видов комнатных и декоративных культур/ 30г;30
Удобрения;Удобрение универсальное для садово-огородных культур/ ФХИ/ 50г;35
Удобрения;Удобрение универсальное РАССАДА/ ФХИ/ 50 г;35
Удобрения;Феровит/ 1 мл.;28
Удобрения;Хелат железа (минеральное удобрение) / 5 гр.;30
Удобрения;Цветная гортензия/ ИЦО/ 50 гр.;35
Удобрения;Цитовит (макро и микроэлементы)/ 1,5 мл.;33
Удобрения;"Экогель ""Дачный""/ 250 мл.";195
Удобрения;Экофус/ 0,5 л.;255
Удобрения;Эликсир плодородия/ PROAGRO/ 1 л.;135
Удобрения;Янтарная Кислота /5 гр.;35
Фунгициды (от болезней растений);Абига-Пик ВС/ 50 г.;135
Фунгициды (от болезней растений);Алирин-Б, Биопрепарат от болезней / 20 таб. в уп.;85
Фунгициды (от болезней растений);Амулет /БиоТехнологии/ 2 таб. по 2 гр.;95
Фунгициды (от болезней растений);Бальзам садовый Живица/ 110 гр.;235
Фунгициды (от болезней растений);Биопрепарат для луковичных цветов/ Зеленое Сечение/ 50 гр.;68
Фунгициды (от болезней растений);Биопрепарат Триходерма/ Садовый Спасатель/ 30 гр;35
Фунгициды (от болезней растений);Биофунгицид для рассады/ Садовый спасатель/ 10 гр.;38
Фунгициды (от болезней растений);Бордоская смесь/ 100 гр.;80
Фунгициды (от болезней растений);Гамаир, Биопрепарат от болезней / 20 таб. в уп.;85
Фунгициды (от болезней растений);Деготь Березовый/ 100 мл;95
Фунгициды (от болезней растений);Дымокур серный/ дымовая шашка/ 300 г.;82
Фунгициды (от болезней растений);Железный купорос/ 200 гр.;45
Фунгициды (от болезней растений);Клубника биофунгицид 2в1/ Садовые Рецепты/ 10 гр.;38
Фунгициды (от болезней растений);Лук-чеснок биофунгицид 2в1/ Садовые Рецепты/ 10 гр.;38
Фунгициды (от болезней растений);Максим/ 2 мл.;35
Фунгициды (от болезней растений);Медный купорос/ Биомастер/ 100 г.;75
Фунгициды (от болезней растений);Мучнистая роса/ Садовый спасатель/ 30 гр;35
Фунгициды (от болезней растений);Мыло табачное готовое с распылителем/ Садовые рецепты/ 1л;128
Фунгициды (от болезней растений);Мыло табачное готовое/ Садовые рецепты/ 1 л.;135
Фунгициды (от болезней растений);Огурец биофунгицид 2в1/ Садовые Рецепты/ 10 гр.;38
Фунгициды (от болезней растений);Ордан /25 гр.;105
Фунгициды (от болезней растений);Паста РанНет/ 150 гр.;110
Фунгициды (от болезней растений);Профит Голд /1,5 гр.;37
Фунгициды (от болезней растений);Рассада биофунгицид 2в1/ Садовые Рецепты/ 10 гр.;38
Фунгициды (от болезней растений);Рубин 777 востановление плодородия и подготовки почвы в теплицах и парниках/ Зеленое Сечение/ 50г;75
Фунгициды (от болезней растений);Садовый вар для заживления ран деревьев и кустарников/ БиоМастер/ 100 г.;78
Фунгициды (от болезней растений);Сенная палочка/ Садовый спасатель/ 50 гр;58
Фунгициды (от болезней растений);Сера жидкая /50г.;35
Фунгициды (от болезней растений);Скор КЭ/ 2 мл.;85
Фунгициды (от болезней растений);Средство для обработки срезов и заживления ран деревьев НОВАЯ КОРА, туба с щеткой 300 г;930
Фунгициды (от болезней растений);Томат биофунгицид 2в1/ Садовые Рецепты/ 10 гр.;38
Фунгициды (от болезней растений);Топаз/ 2 мл.;53
Фунгициды (от болезней растений);Фармайод 10%/ флакон 100 гр.;410
Фунгициды (от болезней растений);Фитолавин/ 2 мл.;21
Фунгициды (от болезней растений);Фитоспорин-М (паста) /200 гр.;95
Фунгициды (от болезней растений);Фитоспорин-М /10 гр.;30
Фунгициды (от болезней растений);Фитофтороз/ Садовый спасатель/ 30 гр;35
Фунгициды (от болезней растений);ХОМ /40 гр.;120
Фунгициды (от болезней растений);Хорус/ 2 гр.;75
Фунгициды (от болезней растений);Черная ножка/ Садовый спасатель/ 30 гр;35
Фунгициды (от болезней растений);Чистоцвет/ 10 мл.;105
Подвязка растений;Огуречная Сетка 10 м Ф-170 (2*10 м);280
Подвязка растений;Огуречная Сетка 3 м Ф-170 (2*3 м);122
Подвязка растений;Огуречная Сетка 5 м Ф-170 (2*5 м);180
Садовые инструменты и приборы;Конус посадочный /Солнце Сад/ 1 шт.;190
Садовые инструменты и приборы;Кусторез ZM4003 для живой изгороди, лезвие 22 см /ZEMA /1 шт.;1950
Садовые инструменты и приборы;Ножницы ZM2011 для травы и топиариев /ZEMA /1 шт.;1090
Садовые инструменты и приборы;Ножницы садовые ZEMA/ ZM2001 лепестковые 45 мм/ 1 шт.;850
Садовые инструменты и приборы;Опрыскиватель аккумуляторный /ZEMA /2 л.;2690
Садовые инструменты и приборы;Опрыскиватель аккумуляторный /ZEMA/ 10 л.;6690
Садовые инструменты и приборы;Опрыскиватель аккумуляторный /ZEMA/ 5 л.;4490
Садовые инструменты и приборы;Опрыскиватель для комнатных растений 600 мл /голубой /Солнце Сад/ 1 шт.;350
Садовые инструменты и приборы;Опрыскиватель для комнатных растений 600 мл /зеленый /Солнце Сад/ 1 шт.;350
Садовые инструменты и приборы;Опрыскиватель для комнатных растений 600 мл /розовый /Солнце Сад/ 1 шт.;350
Садовые инструменты и приборы;"Опрыскиватель помповый ""Флорика"" 1,5л";640
Садовые инструменты и приборы;Пила ZM5001 садовая 180мм /ZEMA /1 шт.;1050
Садовые инструменты и приборы;Сажалка для посадки луковичных /Солнце Сад /1 шт.;355
Садовые инструменты и приборы;Сажалка для семян;65
Садовые инструменты и приборы;Сажалка-лункообразователь ZM2108 /ZEMA /1 шт.;690
Садовые инструменты и приборы;Секатор EasyStep с храповым механизмом /Grons /1 шт.;850
Садовые инструменты и приборы;Секатор IPS-50A силовой, лезвие 180 мм/ Samurai/1 шт.;2150
Садовые инструменты и приборы;Секатор IPSRC-55TA с храп.механизмом, тефлон.лезвие 205 мм/ Samurai/ 1 шт.;2250
Садовые инструменты и приборы;Секатор KS-4 с храп.механизмом, хром.лезвие /Samurai /1 шт.;1950
Садовые инструменты и приборы;Секатор KS-8T с тефлон. покрытием, усиленный /Samurai /1 шт.;2980
Садовые инструменты и приборы;Секатор ZM2005 профессиональный, лезвие 150мм. /ZEMA /1 шт.;1290
Садовые инструменты и приборы;Секатор ZM2006 профессиональный с прямыми лезвиями /ZEMA /1 шт.;1390
Садовые инструменты и приборы;Секатор ZM2010 c тефлоновым покрытие /ZEMA /1 шт.;850
Садовые инструменты и приборы;Секатор ZM3003 профессиональный с храп.механизмом/ ZEMA /1 шт.;980
Сопутствующие товары;Набор Скрепка садовая (зеленая) /57 мм.;115
Сопутствующие товары;Набор Скрепка садовая (терракотовая) /44 мм.;85
Сопутствующие товары;Перчатки садовые с покрытием белые /7 размер (М) /1 пара;85
Сопутствующие товары;Перчатки садовые с покрытием белые /8 размер (L) /1 пара;85
Сопутствующие товары;Перчатки садовые с покрытием голубые /7 размер (М) /1 пара;85
Сопутствующие товары;Перчатки садовые с покрытием голубые /8 размер (L) /1 пара;85
Сопутствующие товары;Перчатки садовые с покрытием желтые /7 размер (M) /1 пара;85
Сопутствующие товары;Перчатки садовые с покрытием желтые /8 размер (L) /1 пара;85
Сопутствующие товары;Перчатки садовые с покрытием черные /7 размер (М) /1 пара;85
Сопутствующие товары;Перчатки садовые с покрытием черные /8 размер (L) /1 пара;85
Сопутствующие товары;Перчатки х/б с ПВХ нанесением/ 1 пара;30
Сопутствующие товары;Сетка для овощей маленькая/ 21х31/ 10 шт.;80
Сопутствующие товары;Тест-система для определения кислотности почвы 5 амп по 1мл.;88
Фитолампы и держатели;Держатель для крепления ламп на присоске (Е27);687
Фитолампы и держатели;Светильник на прищепке и гибкой ножке 50 см (Е27, переключатель, кабель 1,8м);675
Фитолампы и держатели;Фитолампа ВЕСНА- 6 W (потребление 2,5 W) (Е27);420
Фитолампы и держатели;Фитолампа ВЕСНА-20 W (потребление 7 W) (Е27);830
Фитолампы и держатели;Фитолампа ВЕСНА-80 W (потребление 34 W) (Е27);2850
Фитолампы и держатели;Фитолампа ГЕЛИОС-15 для подсвечивания рассады (15 красн, 7 син, 2 ультрафиол, 1 бел, 1 инфракрасн);755
Фитолампы и держатели;Фитолампа ГЕЛИОС-21 для подсвечивания рассады (22 красн, 12 син, 2 ультрафиол, 2 бел, 2 инфракрасн);1255
Фитолампы и держатели;Фитолампа ГЕЛИОС-36 для подсвечивания рассады (42 красн, 18 син, 6 ультрафиол, 6 бел, 6 инфракрасн);1290
Фитолампы и держатели;Фитолампа ФОТОСИНТЕЗ-15 для подсвечивания растений (потребление 5 W) (Е27);575
Фитолампы и держатели;Фитолампа ФОТОСИНТЕЗ-21 для подсвечивания растений (потребление 7 W) (Е27);1050
Фитолампы и держатели;Фитолампа ФОТОСИНТЕЗ-27 для подсвечивания растений (потребление 9 W) (Е27);1350
Фитолампы и держатели;"Фитосветильник ""Урожайный подоконник"" мультиспектр 18W, 60см";2350
